movieId,n_i,popularity_pct
1,49695,35.88
2,22243,16.06
3,12735,9.2
4,2756,1.99
5,12161,8.78
6,23899,17.26
7,12961,9.36
8,1415,1.02
9,3960,2.86
10,29005,20.94
11,18162,13.11
12,3845,2.78
13,1461,1.05
14,6022,4.35
15,2910,2.1
16,17394,12.56
17,20667,14.92
18,5203,3.76
19,20938,15.12
20,4084,2.95
21,24116,17.41
22,9928,7.17
23,4250,3.07
24,7971,5.76
25,21553,15.56
26,2755,1.99
27,1642,1.19
28,3154,2.28
29,8520,6.15
30,1281,0.92
31,9435,6.81
32,44980,32.48
33,65,0.05
34,32255,23.29
35,1493,1.08
36,20809,15.03
37,85,0.06
38,552,0.4
39,26254,18.96
40,886,0.64
41,4689,3.39
42,2467,1.78
43,2552,1.84
44,10697,7.72
45,8933,6.45
46,3205,2.31
47,43249,31.23
48,13046,9.42
49,236,0.17
50,47006,33.94
51,27,0.02
52,9320,6.73
53,150,0.11
54,956,0.69
55,939,0.68
56,70,0.05
57,2439,1.76
58,11549,8.34
59,191,0.14
60,6313,4.56
61,2281,1.65
62,19381,13.99
63,2334,1.69
64,2086,1.51
65,4864,3.51
66,2371,1.71
67,170,0.12
68,1238,0.89
69,4288,3.1
70,12712,9.18
71,1295,0.94
72,1230,0.89
73,2955,2.13
74,3514,2.54
75,558,0.4
76,3380,2.44
77,221,0.16
78,1226,0.89
79,5535,4.0
80,575,0.42
81,3209,2.32
82,2538,1.83
83,594,0.43
84,158,0.11
85,2714,1.96
86,4308,3.11
87,976,0.7
88,4864,3.51
89,3247,2.34
90,214,0.15
92,2303,1.66
93,1966,1.42
94,4030,2.91
95,22104,15.96
96,483,0.35
97,1963,1.42
98,81,0.06
99,726,0.52
100,4115,2.97
101,4298,3.1
102,1992,1.44
103,1133,0.82
104,17915,12.94
105,9620,6.95
106,134,0.1
107,6376,4.6
108,125,0.09
109,16,0.01
110,53769,38.82
111,24481,17.68
112,11890,8.59
113,1089,0.79
114,247,0.18
115,38,0.03
116,949,0.69
117,1264,0.91
118,1136,0.82
119,264,0.19
120,147,0.11
121,837,0.6
122,3888,2.81
123,2309,1.67
124,319,0.23
125,3518,2.54
126,1376,0.99
127,41,0.03
128,75,0.05
129,190,0.14
130,39,0.03
131,194,0.14
132,2123,1.53
133,19,0.01
134,36,0.03
135,6305,4.55
136,102,0.07
137,226,0.16
138,137,0.1
139,41,0.03
140,5073,3.66
141,22020,15.9
142,41,0.03
143,14,0.01
144,4505,3.25
145,11975,8.65
146,580,0.42
147,4118,2.97
148,357,0.26
149,1091,0.79
150,47777,34.5
151,12616,9.11
152,651,0.47
153,32867,23.73
154,3010,2.17
155,1276,0.92
156,1663,1.2
157,2596,1.87
158,12625,9.12
159,2366,1.71
160,14965,10.81
161,23628,17.06
162,5995,4.33
163,14321,10.34
164,4435,3.2
165,33940,24.51
166,650,0.47
167,79,0.06
168,12084,8.73
169,3358,2.42
170,7875,5.69
171,1427,1.03
172,12706,9.17
173,14993,10.83
174,2124,1.53
175,4801,3.47
176,2363,1.71
177,2314,1.67
178,500,0.36
179,1229,0.89
180,8400,6.07
181,2655,1.92
182,697,0.5
183,614,0.44
184,328,0.24
185,24618,17.78
186,11222,8.1
187,943,0.68
188,2498,1.8
189,336,0.24
190,960,0.69
191,1664,1.2
192,81,0.06
193,7464,5.39
194,5937,4.29
195,3242,2.34
196,13628,9.84
197,110,0.08
198,9143,6.6
199,1516,1.09
200,339,0.24
201,365,0.26
202,389,0.28
203,5429,3.92
204,8335,6.02
205,1355,0.98
206,1038,0.75
207,5414,3.91
208,27775,20.06
209,745,0.54
210,482,0.35
211,579,0.42
212,447,0.32
213,1872,1.35
214,942,0.68
215,5348,3.86
216,8547,6.17
217,1014,0.73
218,4248,3.07
219,633,0.46
220,275,0.2
222,5968,4.31
223,23695,17.11
224,8581,6.2
225,12662,9.14
226,43,0.03
227,4640,3.35
228,475,0.34
229,2428,1.75
230,7284,5.26
231,32085,23.17
232,6150,4.44
233,3478,2.51
234,3269,2.36
235,16419,11.86
236,12215,8.82
237,6422,4.64
238,834,0.6
239,3178,2.29
240,837,0.6
241,562,0.41
242,1076,0.78
243,439,0.32
244,285,0.21
245,255,0.18
246,10432,7.53
247,7681,5.55
248,3161,2.28
249,4950,3.57
250,892,0.64
251,388,0.28
252,10074,7.27
253,27568,19.91
254,629,0.45
255,1081,0.78
256,9890,7.14
257,3811,2.75
258,1710,1.23
259,1996,1.44
260,54502,39.35
261,10367,7.49
262,4217,3.04
263,395,0.29
264,159,0.11
265,11975,8.65
266,16171,11.68
267,3792,2.74
268,728,0.53
269,600,0.43
270,1315,0.95
271,1257,0.91
272,7871,5.68
273,7424,5.36
274,1181,0.85
275,1564,1.13
276,5459,3.94
277,9140,6.6
278,1157,0.84
279,936,0.68
280,5104,3.69
281,3936,2.84
282,11249,8.12
283,232,0.17
284,36,0.03
285,86,0.06
286,109,0.08
287,329,0.24
288,23610,17.05
289,3192,2.3
290,4042,2.92
291,656,0.47
292,26246,18.95
293,25804,18.63
294,851,0.61
295,469,0.34
296,67310,48.6
297,266,0.19
298,244,0.18
299,2626,1.9
300,20601,14.88
301,469,0.34
302,1564,1.13
303,6945,5.01
304,724,0.52
305,3429,2.48
306,7252,5.24
307,6676,4.82
308,5170,3.73
309,459,0.33
310,245,0.18
311,81,0.06
312,1325,0.96
313,1173,0.85
314,4124,2.98
315,11164,8.06
316,31799,22.96
317,16183,11.69
318,63366,45.75
319,7180,5.18
320,319,0.23
321,922,0.67
322,2986,2.16
324,469,0.34
325,1036,0.75
326,1333,0.96
327,7159,5.17
328,2427,1.75
329,26404,19.07
330,1536,1.11
331,559,0.4
332,2085,1.51
333,10962,7.92
334,1638,1.18
335,397,0.29
336,295,0.21
337,17881,12.91
338,4652,3.36
339,23214,16.76
340,1467,1.06
341,400,0.29
342,11690,8.44
343,934,0.67
344,38226,27.6
345,10312,7.45
346,1129,0.82
347,1542,1.11
348,8038,5.8
349,29571,21.35
350,15833,11.43
351,3667,2.65
352,1343,0.97
353,16524,11.93
354,1237,0.89
355,9939,7.18
356,66172,47.78
357,27699,20.0
358,2273,1.64
359,277,0.2
360,2101,1.52
361,4993,3.61
362,7629,5.51
363,643,0.46
364,38991,28.15
365,1825,1.32
366,2628,1.9
367,34384,24.83
368,17062,12.32
369,1120,0.81
370,14261,10.3
371,4313,3.11
372,8010,5.78
373,3527,2.55
374,4965,3.59
375,254,0.18
376,11294,8.15
377,41562,30.01
378,2342,1.69
379,5470,3.95
380,43159,31.16
381,4925,3.56
382,5419,3.91
383,5025,3.63
384,771,0.56
385,128,0.09
386,357,0.26
387,701,0.51
388,551,0.4
389,201,0.15
390,814,0.59
391,427,0.31
392,275,0.2
393,2041,1.47
394,132,0.1
395,13,0.01
396,26,0.02
397,92,0.07
398,51,0.04
399,10,0.01
400,28,0.02
401,19,0.01
402,60,0.04
403,13,0.01
404,81,0.06
405,3554,2.57
406,66,0.05
407,1800,1.3
408,652,0.47
409,431,0.31
410,18618,13.44
411,113,0.08
412,4521,3.26
413,6105,4.41
414,865,0.62
415,3217,2.32
416,1774,1.28
417,3301,2.38
418,685,0.49
419,4542,3.28
420,14934,10.78
421,1748,1.26
422,1412,1.02
423,2304,1.66
424,742,0.54
425,882,0.64
426,3314,2.39
427,3407,2.46
428,4919,3.55
429,1483,1.07
430,252,0.18
431,8946,6.46
432,12819,9.26
433,1242,0.9
434,24940,18.01
435,13911,10.04
436,1239,0.89
437,1835,1.32
438,1054,0.76
439,53,0.04
440,19297,13.93
441,8035,5.8
442,18307,13.22
443,587,0.42
444,1299,0.94
445,1893,1.37
446,3752,2.71
447,223,0.16
448,3013,2.18
449,684,0.49
450,2967,2.14
451,636,0.46
452,1204,0.87
453,931,0.67
454,25689,18.55
455,8453,6.1
456,931,0.67
457,49581,35.8
458,1054,0.76
459,1103,0.8
460,913,0.66
461,904,0.65
462,203,0.15
463,410,0.3
464,3149,2.27
465,723,0.52
466,13521,9.76
467,741,0.54
468,7347,5.3
469,1279,0.92
470,463,0.33
471,11268,8.14
472,731,0.53
473,1364,0.98
474,18836,13.6
475,9083,6.56
476,229,0.17
477,4534,3.27
478,277,0.2
479,1230,0.89
480,59715,43.12
481,5360,3.87
482,2716,1.96
483,587,0.42
484,704,0.51
485,13577,9.8
486,602,0.43
487,615,0.44
488,532,0.38
489,3032,2.19
490,3210,2.32
491,5457,3.94
492,3116,2.25
493,3699,2.67
494,12190,8.8
495,653,0.47
496,413,0.3
497,14214,10.26
498,378,0.27
499,404,0.29
500,34392,24.83
501,1897,1.37
502,3642,2.63
503,140,0.1
504,1136,0.82
505,1293,0.93
506,1343,0.97
507,3233,2.33
508,19489,14.07
509,17068,12.32
510,879,0.63
511,1665,1.2
512,1239,0.89
513,572,0.41
514,4681,3.38
515,10661,7.7
516,3431,2.48
517,3450,2.49
518,1222,0.88
519,4812,3.47
520,14439,10.43
521,2185,1.58
522,1264,0.91
523,926,0.67
524,7630,5.51
525,172,0.12
526,130,0.09
527,50054,36.14
528,913,0.66
529,10952,7.91
530,32,0.02
531,7459,5.39
532,5968,4.31
533,3865,2.79
534,4869,3.52
535,5576,4.03
536,742,0.54
537,3431,2.48
538,5101,3.68
539,28805,20.8
540,4943,3.57
541,30526,22.04
542,3491,2.52
543,12348,8.92
544,2168,1.57
545,50,0.04
546,5554,4.01
547,807,0.58
548,2843,2.05
549,1450,1.05
550,3373,2.44
551,20509,14.81
552,12901,9.32
553,15157,10.94
554,516,0.37
555,15360,11.09
556,1219,0.88
558,1428,1.03
559,47,0.03
560,39,0.03
561,223,0.16
562,6197,4.47
563,342,0.25
564,328,0.24
565,687,0.5
566,150,0.11
567,360,0.26
568,389,0.28
569,1673,1.21
570,220,0.16
571,203,0.15
572,35,0.03
573,205,0.15
574,1390,1.0
575,2553,1.84
576,25,0.02
577,616,0.44
579,38,0.03
580,569,0.41
581,1883,1.36
582,131,0.09
583,251,0.18
584,27,0.02
585,9713,7.01
586,28348,20.47
587,29488,21.29
588,41842,30.21
589,52244,37.72
590,44208,31.92
591,30,0.02
592,46054,33.25
593,63299,45.71
594,17766,12.83
595,35138,25.37
596,12782,9.23
597,33900,24.48
598,135,0.1
599,3174,2.29
600,305,0.22
601,113,0.08
602,340,0.25
603,601,0.43
604,6,0.0
605,3396,2.45
606,1514,1.09
607,18,0.01
608,43272,31.24
609,2430,1.75
610,7845,5.66
611,1767,1.28
612,1609,1.16
613,2430,1.75
614,163,0.12
615,637,0.46
616,7892,5.7
617,524,0.38
618,360,0.26
619,714,0.52
620,35,0.03
621,330,0.24
623,35,0.03
624,47,0.03
625,25,0.02
626,631,0.46
627,1833,1.32
628,11169,8.06
629,24,0.02
630,223,0.16
631,2193,1.58
632,342,0.25
633,336,0.24
634,334,0.24
635,1100,0.79
636,35,0.03
637,5791,4.18
638,581,0.42
639,1147,0.83
640,3136,2.26
641,80,0.06
642,11,0.01
643,23,0.02
644,14,0.01
645,302,0.22
647,7893,5.7
648,37127,26.81
649,137,0.1
650,1368,0.99
651,44,0.03
652,76,0.05
653,14192,10.25
654,17,0.01
655,18,0.01
656,1198,0.87
657,36,0.03
658,49,0.04
659,433,0.31
660,120,0.09
661,10228,7.39
662,2792,2.02
663,3327,2.4
664,322,0.23
665,1148,0.83
666,164,0.12
667,1061,0.77
668,761,0.55
670,765,0.55
671,6361,4.59
672,27,0.02
673,9917,7.16
674,3286,2.37
675,28,0.02
676,28,0.02
678,2677,1.93
679,97,0.07
680,1108,0.8
681,334,0.24
682,64,0.05
683,35,0.03
684,21,0.02
685,536,0.39
687,100,0.07
688,2963,2.14
690,82,0.06
691,1172,0.85
692,920,0.66
693,27,0.02
694,2759,1.99
695,848,0.61
696,117,0.08
697,1142,0.82
698,148,0.11
699,17,0.01
700,1245,0.9
701,97,0.07
702,371,0.27
703,357,0.26
704,1784,1.29
705,430,0.31
706,251,0.18
707,4627,3.34
708,15263,11.02
709,2597,1.88
710,1249,0.9
711,2120,1.53
712,181,0.13
713,135,0.1
714,3307,2.39
715,614,0.44
716,301,0.22
717,90,0.06
718,903,0.65
719,7664,5.53
720,8171,5.9
721,18,0.01
722,353,0.25
723,33,0.02
724,8538,6.16
725,1563,1.13
726,536,0.39
727,25,0.02
728,3545,2.56
729,103,0.07
730,70,0.05
731,854,0.62
732,234,0.17
733,31353,22.64
734,59,0.04
735,1122,0.81
736,32446,23.43
737,4519,3.26
738,24,0.02
739,12,0.01
741,7072,5.11
742,1859,1.34
743,6112,4.41
744,37,0.03
745,12073,8.72
746,312,0.23
747,1084,0.78
748,5279,3.81
749,42,0.03
750,23220,16.77
751,156,0.11
752,41,0.03
753,520,0.38
754,361,0.26
755,152,0.11
756,113,0.08
757,216,0.16
758,25,0.02
759,376,0.27
760,895,0.65
761,3711,2.68
762,9526,6.88
763,55,0.04
764,579,0.42
765,4812,3.47
766,1801,1.3
767,304,0.22
768,34,0.02
769,137,0.1
770,27,0.02
771,155,0.11
772,34,0.02
773,36,0.03
774,35,0.03
775,138,0.1
776,47,0.03
777,29,0.02
778,23589,17.03
779,520,0.38
780,47048,33.97
781,1988,1.44
782,2748,1.98
783,10389,7.5
784,14379,10.38
785,10746,7.76
786,16135,11.65
787,89,0.06
788,18799,13.57
789,47,0.03
790,105,0.08
791,113,0.08
792,48,0.03
793,118,0.09
794,102,0.07
795,106,0.08
796,42,0.03
797,114,0.08
798,3056,2.21
799,6151,4.44
800,7196,5.2
801,1630,1.18
802,12539,9.05
803,587,0.42
804,2236,1.61
805,11684,8.44
806,563,0.41
807,208,0.15
808,820,0.59
809,1387,1.0
810,1882,1.36
812,35,0.03
813,453,0.33
814,11,0.01
815,28,0.02
816,73,0.05
818,2847,2.06
819,57,0.04
820,60,0.04
821,47,0.03
822,35,0.03
823,96,0.07
824,401,0.29
825,21,0.02
826,24,0.02
827,160,0.12
828,1498,1.08
829,1821,1.31
830,6585,4.75
831,221,0.16
832,14347,10.36
833,1427,1.03
834,203,0.15
835,947,0.68
836,4860,3.51
837,5294,3.82
838,7938,5.73
839,3984,2.88
840,667,0.48
841,459,0.33
842,2014,1.45
843,58,0.04
844,169,0.12
845,72,0.05
846,405,0.29
847,114,0.08
848,2062,1.49
849,8026,5.8
850,255,0.18
851,1617,1.17
852,10547,7.62
853,112,0.08
854,210,0.15
855,35,0.03
856,58,0.04
857,45,0.03
858,41355,29.86
859,15,0.01
860,362,0.26
861,2527,1.82
862,362,0.26
864,85,0.06
865,100,0.07
866,6230,4.5
867,335,0.24
868,87,0.06
869,568,0.41
870,465,0.34
871,60,0.04
872,61,0.04
873,41,0.03
874,73,0.05
875,524,0.38
876,300,0.22
877,167,0.12
878,28,0.02
879,2200,1.59
880,5420,3.91
881,1107,0.8
882,820,0.59
884,54,0.04
885,633,0.46
886,1658,1.2
887,37,0.03
888,720,0.52
889,119,0.09
890,29,0.02
891,1988,1.44
892,1370,0.99
893,584,0.42
894,28,0.02
895,61,0.04
896,490,0.35
897,885,0.64
898,6583,4.75
899,10219,7.38
900,3033,2.19
901,1546,1.12
902,9499,6.86
903,14094,10.18
904,17449,12.6
905,4184,3.02
906,2057,1.49
907,898,0.65
908,15627,11.28
909,5125,3.7
910,10922,7.89
911,4062,2.93
912,24349,17.58
913,12144,8.77
914,9707,7.01
915,5029,3.63
916,5961,4.3
917,1118,0.81
918,1820,1.31
919,23445,16.93
920,14396,10.39
921,2442,1.76
922,6525,4.71
923,17774,12.83
924,25253,18.23
925,94,0.07
926,4826,3.48
927,880,0.64
928,4652,3.36
929,942,0.68
930,4932,3.56
931,2268,1.64
932,2122,1.53
933,4699,3.39
934,3970,2.87
935,628,0.45
936,1410,1.02
937,493,0.36
938,1724,1.24
939,103,0.07
940,3876,2.8
941,955,0.69
942,2641,1.91
943,1710,1.23
944,1084,0.78
945,2120,1.53
946,1391,1.0
947,1739,1.26
948,1683,1.22
949,2157,1.56
950,3358,2.42
951,3902,2.82
952,2482,1.79
953,14084,10.17
954,5712,4.12
955,4427,3.2
956,363,0.26
957,234,0.17
958,94,0.07
959,393,0.28
960,164,0.12
961,252,0.18
962,105,0.08
963,544,0.39
964,341,0.25
965,3624,2.62
966,124,0.09
967,156,0.11
968,8029,5.8
969,10526,7.6
970,389,0.28
971,2874,2.08
972,117,0.08
973,942,0.68
974,136,0.1
975,24,0.02
976,437,0.32
977,10,0.01
979,41,0.03
980,117,0.08
981,211,0.15
982,588,0.42
983,20,0.01
984,238,0.17
985,58,0.04
986,2780,2.01
987,281,0.2
988,532,0.38
989,72,0.05
990,909,0.66
991,2500,1.81
992,262,0.19
993,239,0.17
994,5299,3.83
996,3276,2.37
997,222,0.16
998,791,0.57
999,3142,2.27
1000,203,0.15
1001,35,0.03
1002,145,0.1
1003,1615,1.17
1004,1569,1.13
1005,2022,1.46
1006,1512,1.09
1007,1808,1.31
1008,788,0.57
1009,2604,1.88
1010,2559,1.85
1011,1543,1.11
1012,3427,2.47
1013,4344,3.14
1014,1602,1.16
1015,3501,2.53
1016,1460,1.05
1017,3254,2.35
1018,1216,0.88
1019,6215,4.49
1020,6597,4.76
1021,3503,2.53
1022,8954,6.47
1023,3234,2.34
1024,1085,0.78
1025,5428,3.92
1026,119,0.09
1027,7695,5.56
1028,14096,10.18
1029,8951,6.46
1030,3234,2.34
1031,4227,3.05
1032,7842,5.66
1033,3982,2.88
1034,1502,1.08
1035,14049,10.14
1036,30399,21.95
1037,7006,5.06
1038,233,0.17
1039,57,0.04
1040,152,0.11
1041,5625,4.06
1042,8327,6.01
1043,1211,0.87
1044,506,0.37
1045,46,0.03
1046,1287,0.93
1047,8522,6.15
1049,5039,3.64
1050,1737,1.25
1051,1352,0.98
1052,48,0.03
1053,212,0.15
1054,785,0.57
1055,330,0.24
1056,723,0.52
1057,3308,2.39
1058,135,0.1
1059,10195,7.36
1060,9846,7.11
1061,8740,6.31
1062,66,0.05
1063,155,0.11
1064,2954,2.13
1065,16,0.01
1066,1415,1.02
1067,142,0.1
1068,333,0.24
1069,764,0.55
1070,57,0.04
1071,57,0.04
1073,28335,20.46
1075,126,0.09
1076,428,0.31
1077,6853,4.95
1078,3590,2.59
1079,19674,14.21
1080,20557,14.84
1081,3925,2.83
1082,1848,1.33
1083,1543,1.11
1084,9533,6.88
1085,1285,0.93
1086,5581,4.03
1087,276,0.2
1088,11013,7.95
1089,27635,19.95
1090,15808,11.41
1091,5148,3.72
1092,10998,7.94
1093,7681,5.55
1094,12348,8.92
1095,6090,4.4
1096,3681,2.66
1097,32685,23.6
1098,135,0.1
1099,2164,1.56
1100,5342,3.86
1101,20338,14.69
1102,80,0.06
1103,5951,4.3
1104,6372,4.6
1105,922,0.67
1106,38,0.03
1107,83,0.06
1109,13,0.01
1110,29,0.02
1111,1764,1.27
1112,386,0.28
1113,1046,0.76
1114,486,0.35
1115,39,0.03
1116,167,0.12
1117,222,0.16
1118,32,0.02
1119,180,0.13
1120,9028,6.52
1121,114,0.08
1122,17,0.01
1123,207,0.15
1124,4636,3.35
1125,5267,3.8
1126,3122,2.25
1127,17508,12.64
1128,1690,1.22
1129,8891,6.42
1130,1944,1.4
1131,3247,2.34
1132,3060,2.21
1133,106,0.08
1134,57,0.04
1135,3969,2.87
1136,33024,23.85
1137,68,0.05
1138,52,0.04
1139,25,0.02
1140,32,0.02
1141,5,0.0
1142,64,0.05
1143,55,0.04
1144,164,0.12
1145,57,0.04
1146,38,0.03
1147,3737,2.7
1148,15022,10.85
1149,59,0.04
1150,1661,1.2
1151,368,0.27
1152,164,0.12
1153,139,0.1
1154,106,0.08
1155,10,0.01
1156,42,0.03
1157,32,0.02
1158,13,0.01
1159,19,0.01
1160,43,0.03
1161,1488,1.07
1162,785,0.57
1163,246,0.18
1164,157,0.11
1165,36,0.03
1166,40,0.03
1167,863,0.62
1168,201,0.15
1169,312,0.23
1170,162,0.12
1171,3326,2.4
1172,9100,6.57
1173,2948,2.13
1174,99,0.07
1175,7059,5.1
1176,1727,1.25
1177,1857,1.34
1178,3568,2.58
1179,6685,4.83
1180,473,0.34
1181,101,0.07
1183,15330,11.07
1184,1038,0.75
1185,5642,4.07
1186,7099,5.13
1187,1189,0.86
1188,7657,5.53
1189,2700,1.95
1190,1537,1.11
1191,1617,1.17
1192,1054,0.76
1193,29932,21.61
1194,2592,1.87
1196,45313,32.72
1197,32586,23.53
1198,43295,31.26
1199,13957,10.08
1200,27206,19.64
1201,14496,10.47
1202,1496,1.08
1203,12934,9.34
1204,12378,8.94
1206,24694,17.83
1207,14769,10.66
1208,23090,16.67
1209,4407,3.18
1210,46839,33.82
1211,3654,2.64
1212,6565,4.74
1213,26406,19.07
1214,30933,22.34
1215,12469,9.0
1216,1738,1.25
1217,4824,3.48
1218,2839,2.05
1219,19649,14.19
1220,19824,14.31
1221,27398,19.78
1222,21926,15.83
1223,7781,5.62
1224,4656,3.36
1225,20545,14.83
1226,2220,1.6
1227,4288,3.1
1228,9711,7.01
1230,15383,11.11
1231,7902,5.71
1232,1663,1.2
1233,13612,9.83
1234,14926,10.78
1235,8066,5.82
1236,942,0.68
1237,4142,2.99
1238,3194,2.31
1240,33429,24.14
1241,2576,1.86
1242,12266,8.86
1243,4178,3.02
1244,8066,5.82
1245,6060,4.38
1246,20538,14.83
1247,17039,12.3
1248,4718,3.41
1249,9227,6.66
1250,12576,9.08
1251,3096,2.24
1252,15310,11.05
1253,6259,4.52
1254,5155,3.72
1255,1963,1.42
1256,5569,4.02
1257,5406,3.9
1258,23410,16.9
1259,20804,15.02
1260,4232,3.06
1261,7788,5.62
1262,10904,7.87
1263,10572,7.63
1264,2649,1.91
1265,32026,23.12
1266,14151,10.22
1267,8988,6.49
1268,3180,2.3
1269,6894,4.98
1270,41426,29.91
1271,8868,6.4
1272,8157,5.89
1273,2645,1.91
1274,8324,6.01
1275,11350,8.2
1276,11353,8.2
1277,4099,2.96
1278,15087,10.89
1279,2377,1.72
1280,3253,2.35
1281,3811,2.75
1282,12139,8.77
1283,4941,3.57
1284,5529,3.99
1285,10991,7.94
1286,2165,1.56
1287,9106,6.58
1288,16054,11.59
1289,2748,1.98
1290,2430,1.75
1291,31280,22.59
1292,6355,4.59
1293,10028,7.24
1295,3385,2.44
1296,6556,4.73
1297,4412,3.19
1298,6138,4.43
1299,7150,5.16
1300,3591,2.59
1301,3834,2.77
1302,12267,8.86
1303,3607,2.6
1304,15558,11.23
1305,2343,1.69
1306,1083,0.78
1307,21888,15.8
1308,24,0.02
1309,31,0.02
1310,372,0.27
1311,148,0.11
1312,330,0.24
1313,107,0.08
1314,44,0.03
1315,65,0.05
1316,48,0.03
1317,322,0.23
1318,171,0.12
1319,24,0.02
1320,13401,9.68
1321,7476,5.4
1322,283,0.2
1323,424,0.31
1324,232,0.17
1325,272,0.2
1326,581,0.42
1327,3021,2.18
1328,266,0.19
1329,348,0.25
1330,921,0.67
1331,397,0.29
1332,733,0.53
1333,11160,8.06
1334,2769,2.0
1335,207,0.15
1336,450,0.32
1337,670,0.48
1339,10022,7.24
1340,2231,1.61
1341,383,0.28
1342,3289,2.37
1343,9141,6.6
1344,4414,3.19
1345,8569,6.19
1346,1708,1.23
1347,7450,5.38
1348,3741,2.7
1349,119,0.09
1350,5420,3.91
1351,396,0.29
1352,772,0.56
1353,2129,1.54
1354,3793,2.74
1355,785,0.57
1356,19324,13.95
1357,8043,5.81
1358,13451,9.71
1359,3463,2.5
1360,53,0.04
1361,1591,1.15
1363,1680,1.21
1364,91,0.07
1365,1139,0.82
1366,1960,1.42
1367,8581,6.2
1368,41,0.03
1369,95,0.07
1370,15579,11.25
1371,9758,7.05
1372,10862,7.84
1373,7427,5.36
1374,15893,11.48
1375,10813,7.81
1376,13098,9.46
1377,12841,9.27
1378,6755,4.88
1379,3010,2.17
1380,15630,11.29
1381,3670,2.65
1382,998,0.72
1383,142,0.1
1384,127,0.09
1385,6053,4.37
1386,29,0.02
1387,22168,16.01
1388,4501,3.25
1389,1965,1.42
1390,1623,1.17
1391,17230,12.44
1392,1728,1.25
1393,22319,16.12
1394,15483,11.18
1395,2269,1.64
1396,12385,8.94
1397,615,0.44
1398,833,0.6
1399,1456,1.05
1400,32,0.02
1401,1483,1.07
1404,645,0.47
1405,8752,6.32
1406,350,0.25
1407,16067,11.6
1408,12419,8.97
1409,5998,4.33
1410,751,0.54
1411,5968,4.31
1412,278,0.2
1413,373,0.27
1414,1648,1.19
1415,271,0.2
1416,5017,3.62
1417,753,0.54
1419,1356,0.98
1420,81,0.06
1421,194,0.14
1422,2820,2.04
1423,186,0.13
1424,25,0.02
1425,2125,1.53
1426,245,0.18
1427,769,0.56
1428,324,0.23
1429,3431,2.48
1430,200,0.14
1431,2931,2.12
1432,1308,0.94
1433,67,0.05
1434,60,0.04
1436,68,0.05
1437,317,0.23
1438,5933,4.28
1439,335,0.24
1440,727,0.52
1441,5970,4.31
1442,710,0.51
1443,23,0.02
1444,135,0.1
1445,1290,0.93
1446,2237,1.62
1447,599,0.43
1448,50,0.04
1449,5957,4.3
1450,284,0.21
1453,1560,1.13
1454,755,0.55
1455,176,0.13
1456,525,0.38
1457,2747,1.98
1458,224,0.16
1459,3555,2.57
1460,786,0.57
1461,2483,1.79
1462,20,0.01
1463,354,0.26
1464,4022,2.9
1465,999,0.72
1466,10585,7.64
1467,28,0.02
1468,1146,0.83
1470,53,0.04
1471,91,0.07
1472,400,0.29
1473,231,0.17
1474,1755,1.27
1475,779,0.56
1476,5779,4.17
1477,352,0.25
1479,7896,5.7
1480,1921,1.39
1482,511,0.37
1483,2641,1.91
1484,1034,0.75
1485,16832,12.15
1486,87,0.06
1487,1608,1.16
1488,3452,2.49
1489,393,0.28
1490,320,0.23
1493,219,0.16
1495,715,0.52
1496,346,0.25
1497,705,0.51
1498,1223,0.88
1499,5781,4.17
1500,14487,10.46
1501,191,0.14
1502,246,0.18
1503,1287,0.93
1504,137,0.1
1507,372,0.27
1508,202,0.15
1509,189,0.14
1510,23,0.02
1511,153,0.11
1513,8252,5.96
1514,132,0.1
1515,3577,2.58
1516,464,0.34
1517,22074,15.94
1518,3056,2.21
1519,120,0.09
1520,144,0.1
1522,36,0.03
1523,351,0.25
1524,20,0.01
1525,335,0.24
1526,777,0.56
1527,27660,19.97
1528,28,0.02
1529,234,0.17
1531,72,0.05
1532,62,0.04
1533,311,0.22
1534,86,0.06
1535,751,0.54
1537,3876,2.8
1538,122,0.09
1539,279,0.2
1541,2118,1.53
1542,2152,1.55
1543,72,0.05
1544,14530,10.49
1545,624,0.45
1546,407,0.29
1547,259,0.19
1548,38,0.03
1549,129,0.09
1550,686,0.5
1551,311,0.22
1552,14110,10.19
1553,32,0.02
1554,1307,0.94
1555,68,0.05
1556,5326,3.85
1557,18,0.01
1558,32,0.02
1559,9,0.01
1561,40,0.03
1562,9144,6.6
1563,216,0.16
1564,270,0.19
1565,244,0.18
1566,5024,3.63
1567,78,0.06
1568,6,0.0
1569,9955,7.19
1570,305,0.22
1571,459,0.33
1572,585,0.42
1573,18460,13.33
1574,116,0.08
1575,151,0.11
1577,35,0.03
1578,19,0.01
1579,33,0.02
1580,35580,25.69
1581,610,0.44
1582,477,0.34
1583,244,0.18
1584,19874,14.35
1585,207,0.15
1586,6692,4.83
1587,6713,4.85
1588,3983,2.88
1589,5044,3.64
1590,6687,4.83
1591,5255,3.79
1592,1375,0.99
1593,1583,1.14
1594,2552,1.84
1595,941,0.68
1596,481,0.35
1597,10362,7.48
1598,893,0.64
1599,519,0.37
1600,671,0.48
1601,637,0.46
1602,424,0.31
1603,3072,2.22
1604,758,0.55
1605,893,0.64
1606,855,0.62
1608,14169,10.23
1609,696,0.5
1610,21349,15.42
1611,2528,1.83
1612,443,0.32
1613,253,0.18
1614,4529,3.27
1615,2405,1.74
1616,3890,2.81
1617,26836,19.38
1619,4702,3.4
1620,4404,3.18
1621,656,0.47
1622,57,0.04
1623,1019,0.74
1624,467,0.34
1625,15373,11.1
1626,747,0.54
1627,2562,1.85
1628,39,0.03
1629,912,0.66
1630,18,0.01
1631,480,0.35
1632,172,0.12
1633,2400,1.73
1635,5570,4.02
1636,78,0.06
1639,13933,10.06
1640,502,0.36
1641,15323,11.06
1642,693,0.5
1643,2624,1.89
1644,7418,5.36
1645,11458,8.27
1646,795,0.57
1647,677,0.49
1648,1560,1.13
1649,1473,1.06
1650,426,0.31
1651,145,0.1
1652,74,0.05
1653,18573,13.41
1654,625,0.45
1655,679,0.49
1656,127,0.09
1657,153,0.11
1658,1804,1.3
1659,92,0.07
1660,1234,0.89
1661,611,0.44
1662,209,0.15
1663,8001,5.78
1664,64,0.05
1665,3208,2.32
1666,138,0.1
1667,1058,0.76
1668,290,0.21
1669,310,0.22
1670,719,0.52
1671,253,0.18
1672,3807,2.75
1673,13491,9.74
1674,11164,8.06
1675,118,0.09
1676,15341,11.08
1677,168,0.12
1678,4495,3.25
1679,180,0.13
1680,6854,4.95
1681,2023,1.46
1682,24372,17.6
1683,1893,1.37
1684,609,0.44
1685,83,0.06
1686,953,0.69
1687,4572,3.3
1688,3676,2.65
1689,1985,1.43
1690,10932,7.89
1692,114,0.08
1693,4765,3.44
1694,3026,2.18
1695,200,0.14
1696,251,0.18
1697,22,0.02
1698,49,0.04
1699,1163,0.84
1701,3058,2.21
1702,3849,2.78
1703,676,0.49
1704,28324,20.45
1705,14,0.01
1706,13,0.01
1707,2697,1.95
1708,15,0.01
1709,19,0.01
1710,22,0.02
1711,4712,3.4
1713,2267,1.64
1714,36,0.03
1715,93,0.07
1716,28,0.02
1717,6872,4.96
1718,46,0.03
1719,3756,2.71
1720,57,0.04
1721,32238,23.28
1722,11907,8.6
1723,54,0.04
1724,33,0.02
1725,142,0.1
1726,1994,1.44
1727,2181,1.57
1728,231,0.17
1729,11557,8.34
1730,1754,1.27
1731,749,0.54
1732,20725,14.96
1733,550,0.4
1734,1854,1.34
1735,2924,2.11
1738,14,0.01
1739,623,0.45
1740,14,0.01
1742,26,0.02
1743,53,0.04
1744,477,0.34
1746,390,0.28
1747,10608,7.66
1748,11759,8.49
1749,94,0.07
1750,353,0.25
1752,1700,1.23
1753,2358,1.7
1754,3738,2.7
1755,633,0.46
1756,476,0.34
1757,449,0.32
1759,371,0.27
1760,2658,1.92
1762,1428,1.03
1764,12,0.01
1765,22,0.02
1767,217,0.16
1768,37,0.03
1769,2702,1.95
1770,205,0.15
1771,352,0.25
1772,2803,2.02
1773,108,0.08
1774,13,0.01
1776,14,0.01
1777,13384,9.66
1779,5972,4.31
1780,135,0.1
1781,8,0.01
1782,36,0.03
1783,1285,0.93
1784,21684,15.66
1785,1280,0.92
1787,22,0.02
1788,683,0.49
1789,14,0.01
1791,497,0.36
1792,4464,3.22
1793,121,0.09
1794,1218,0.88
1795,54,0.04
1796,37,0.03
1797,1859,1.34
1798,303,0.22
1799,2199,1.59
1801,5857,4.23
1804,762,0.55
1805,7494,5.41
1806,1018,0.74
1807,159,0.11
1809,1046,0.76
1810,3916,2.83
1811,82,0.06
1812,217,0.16
1814,236,0.17
1815,9,0.01
1816,713,0.51
1817,87,0.06
1819,19,0.01
1820,61,0.04
1821,1628,1.18
1822,169,0.12
1824,487,0.35
1825,202,0.15
1826,419,0.3
1827,1022,0.74
1829,278,0.2
1830,11,0.01
1831,7463,5.39
1832,48,0.03
1833,2389,1.72
1834,4521,3.26
1835,4823,3.48
1836,1533,1.11
1837,488,0.35
1839,522,0.38
1840,1586,1.15
1841,750,0.54
1842,23,0.02
1843,39,0.03
1844,637,0.46
1845,2417,1.75
1846,306,0.22
1848,1457,1.05
1849,49,0.04
1850,104,0.08
1851,14,0.01
1852,13,0.01
1853,160,0.12
1854,403,0.29
1855,796,0.57
1856,597,0.43
1857,230,0.17
1858,1286,0.93
1859,375,0.27
1860,503,0.36
1861,104,0.08
1862,2061,1.49
1863,1033,0.75
1864,109,0.08
1865,406,0.29
1866,1703,1.23
1867,261,0.19
1869,444,0.32
1870,384,0.28
1871,70,0.05
1872,73,0.05
1873,2702,1.95
1874,184,0.13
1875,1054,0.76
1876,11639,8.4
1877,47,0.03
1878,143,0.1
1879,242,0.17
1880,283,0.2
1881,603,0.44
1882,7373,5.32
1883,5085,3.67
1884,7852,5.67
1885,4349,3.14
1886,73,0.05
1887,560,0.4
1888,2953,2.13
1889,1621,1.17
1890,65,0.05
1891,101,0.07
1892,4181,3.02
1893,185,0.13
1894,4913,3.55
1895,3140,2.27
1896,274,0.2
1897,1044,0.75
1898,113,0.08
1899,87,0.06
1900,712,0.51
1901,72,0.05
1902,281,0.2
1903,57,0.04
1904,936,0.68
1905,46,0.03
1906,249,0.18
1907,7941,5.73
1908,42,0.03
1909,11469,8.28
1910,310,0.22
1911,6762,4.88
1912,7885,5.69
1913,1742,1.26
1914,2727,1.97
1915,32,0.02
1916,2978,2.15
1917,21103,15.24
1918,8505,6.14
1919,868,0.63
1920,3731,2.69
1921,9204,6.65
1922,229,0.17
1923,24582,17.75
1924,2304,1.66
1925,323,0.23
1926,182,0.13
1927,2600,1.88
1928,162,0.12
1929,735,0.53
1930,72,0.05
1931,1901,1.37
1932,283,0.2
1933,206,0.15
1934,861,0.62
1935,920,0.66
1936,731,0.53
1937,551,0.4
1938,1090,0.79
1939,1834,1.32
1940,708,0.51
1941,834,0.6
1942,917,0.66
1943,532,0.38
1944,2941,2.12
1945,5644,4.08
1946,1299,0.94
1947,8492,6.13
1948,1324,0.96
1949,2123,1.53
1950,3449,2.49
1951,2174,1.57
1952,6302,4.55
1953,8571,6.19
1954,14865,10.73
1955,4900,3.54
1956,4370,3.16
1957,6721,4.85
1958,5079,3.67
1959,5016,3.62
1960,7078,5.11
1961,24591,17.76
1962,8317,6.01
1963,2314,1.67
1964,2284,1.65
1965,6176,4.46
1966,1656,1.2
1967,8305,6.0
1968,21158,15.28
1969,2176,1.57
1970,2333,1.68
1971,1743,1.26
1972,1416,1.02
1973,1358,0.98
1974,3825,2.76
1975,1674,1.21
1976,1350,0.97
1977,1246,0.9
1978,1107,0.8
1979,1191,0.86
1980,1024,0.74
1981,1192,0.86
1982,6325,4.57
1983,1626,1.17
1984,1060,0.77
1985,974,0.7
1986,915,0.66
1987,600,0.43
1988,305,0.22
1989,182,0.13
1990,152,0.11
1991,2286,1.65
1992,1189,0.86
1993,956,0.69
1994,9026,6.52
1995,1485,1.07
1996,1107,0.8
1997,13359,9.65
1998,1022,0.74
1999,1049,0.76
2000,17620,12.72
2001,13080,9.44
2002,8832,6.38
2003,11200,8.09
2004,4571,3.3
2005,10401,7.51
2006,12999,9.39
2007,400,0.29
2008,103,0.07
2009,4080,2.95
2010,5437,3.93
2011,19446,14.04
2012,19724,14.24
2013,5171,3.73
2014,1848,1.33
2015,2512,1.81
2016,854,0.62
2017,1004,0.72
2018,7257,5.24
2019,11611,8.38
2020,7710,5.57
2021,9039,6.53
2022,2801,2.02
2023,10141,7.32
2024,816,0.59
2025,2278,1.64
2026,1160,0.84
2027,1047,0.76
2028,37110,26.8
2029,499,0.36
2030,38,0.03
2031,256,0.18
2032,238,0.17
2033,1415,1.02
2034,2182,1.58
2035,324,0.23
2036,1074,0.78
2037,425,0.31
2038,1230,0.89
2039,64,0.05
2040,799,0.58
2041,856,0.62
2042,2413,1.74
2043,1118,0.81
2044,296,0.21
2045,416,0.3
2046,5213,3.76
2047,157,0.11
2048,1563,1.13
2049,204,0.15
2050,1034,0.75
2051,888,0.64
2052,2225,1.61
2053,4509,3.26
2054,16510,11.92
2055,212,0.15
2056,175,0.13
2057,740,0.53
2058,8680,6.27
2059,3048,2.2
2060,2514,1.82
2061,130,0.09
2062,435,0.31
2063,78,0.06
2064,7371,5.32
2065,3925,2.83
2066,1082,0.78
2067,5685,4.1
2068,1834,1.32
2069,1128,0.81
2070,1756,1.27
2071,1386,1.0
2072,3220,2.33
2073,607,0.44
2074,274,0.2
2075,594,0.43
2076,8875,6.41
2077,1055,0.76
2078,8694,6.28
2079,139,0.1
2080,10062,7.27
2081,14294,10.32
2082,4525,3.27
2083,3413,2.46
2084,1028,0.74
2085,7784,5.62
2086,210,0.15
2087,7075,5.11
2088,3539,2.56
2089,2370,1.71
2090,2847,2.06
2091,1196,0.86
2092,1813,1.31
2093,1978,1.43
2094,6994,5.05
2095,786,0.57
2096,6291,4.54
2097,1376,0.99
2098,468,0.34
2099,1376,0.99
2100,11777,8.5
2101,153,0.11
2102,1302,0.94
2103,215,0.16
2104,302,0.22
2105,10076,7.28
2106,1529,1.1
2107,2143,1.55
2108,7039,5.08
2109,6950,5.02
2110,2562,1.85
2111,2222,1.6
2112,2659,1.92
2113,515,0.37
2114,3328,2.4
2115,21266,15.36
2116,5175,3.74
2117,3407,2.46
2118,3388,2.45
2119,1260,0.91
2120,1571,1.13
2121,1915,1.38
2122,2398,1.73
2123,2466,1.78
2124,8218,5.93
2125,5655,4.08
2126,4621,3.34
2127,40,0.03
2128,236,0.17
2129,71,0.05
2130,2059,1.49
2131,481,0.35
2132,3083,2.23
2133,4642,3.35
2134,5758,4.16
2135,2108,1.52
2136,2883,2.08
2137,5625,4.06
2138,2803,2.02
2139,4574,3.3
2140,7980,5.76
2141,4551,3.29
2142,2154,1.56
2143,3100,2.24
2144,8453,6.1
2145,7239,5.23
2146,3167,2.29
2147,1312,0.95
2148,1123,0.81
2149,654,0.47
2150,8794,6.35
2151,1513,1.09
2152,751,0.54
2153,2684,1.94
2154,1062,0.77
2155,1863,1.35
2156,60,0.04
2157,119,0.09
2158,202,0.15
2159,1605,1.16
2160,7665,5.53
2161,10169,7.34
2162,2086,1.51
2163,1803,1.3
2164,213,0.15
2165,985,0.71
2166,1003,0.72
2167,11401,8.23
2168,511,0.37
2169,1089,0.79
2170,880,0.64
2171,1203,0.87
2172,105,0.08
2173,786,0.57
2174,19988,14.43
2175,112,0.08
2176,2866,2.07
2177,607,0.44
2178,1080,0.78
2179,363,0.26
2180,557,0.4
2181,1078,0.78
2182,768,0.55
2183,2278,1.64
2184,1423,1.03
2185,300,0.22
2186,5154,3.72
2187,267,0.19
2188,2181,1.57
2189,185,0.13
2190,306,0.22
2191,97,0.07
2192,56,0.04
2193,9217,6.66
2194,15442,11.15
2195,1100,0.79
2196,320,0.23
2197,141,0.1
2198,58,0.04
2199,67,0.05
2200,89,0.06
2201,240,0.17
2202,1551,1.12
2203,2199,1.59
2204,749,0.54
2205,641,0.46
2206,1424,1.03
2207,154,0.11
2208,2196,1.59
2209,169,0.12
2210,552,0.4
2211,246,0.18
2212,1284,0.93
2213,17,0.01
2214,71,0.05
2215,81,0.06
2216,43,0.03
2217,8,0.01
2218,43,0.03
2219,127,0.09
2220,31,0.02
2221,192,0.14
2222,20,0.01
2223,37,0.03
2224,17,0.01
2225,37,0.03
2226,85,0.06
2227,216,0.16
2229,10,0.01
2230,13,0.01
2231,6759,4.88
2232,6090,4.4
2233,53,0.04
2234,56,0.04
2235,32,0.02
2236,1817,1.31
2237,400,0.29
2238,594,0.43
2239,685,0.49
2240,1577,1.14
2241,687,0.5
2242,66,0.05
2243,5918,4.27
2244,91,0.07
2245,4653,3.36
2246,65,0.05
2247,2141,1.55
2248,9082,6.56
2249,1784,1.29
2250,396,0.29
2251,8,0.01
2252,1609,1.16
2253,3724,2.69
2254,10,0.01
2255,481,0.35
2256,133,0.1
2257,124,0.09
2258,49,0.04
2259,1411,1.02
2260,271,0.2
2261,1104,0.8
2262,2298,1.66
2263,1413,1.02
2264,597,0.43
2265,661,0.48
2266,1265,0.91
2267,554,0.4
2268,15211,10.98
2269,3071,2.22
2270,32,0.02
2271,527,0.38
2272,897,0.65
2273,9388,6.78
2274,12,0.01
2275,661,0.48
2276,367,0.26
2277,8,0.01
2278,9987,7.21
2279,2495,1.8
2280,877,0.63
2281,99,0.07
2282,2282,1.65
2283,494,0.36
2284,353,0.25
2285,612,0.44
2286,249,0.18
2287,1528,1.1
2288,8557,6.18
2289,7846,5.67
2290,989,0.71
2291,21394,15.45
2292,174,0.13
2293,84,0.06
2294,10163,7.34
2295,507,0.37
2296,2104,1.52
2297,3930,2.84
2298,152,0.11
2299,44,0.03
2300,6461,4.67
2301,4313,3.11
2302,13957,10.08
2303,2295,1.66
2304,104,0.08
2305,207,0.15
2306,896,0.65
2307,202,0.15
2308,35,0.03
2309,44,0.03
2310,944,0.68
2311,4143,2.99
2312,2723,1.97
2313,6813,4.92
2314,649,0.47
2315,1658,1.2
2316,2537,1.83
2317,66,0.05
2318,4335,3.13
2319,17,0.01
2320,1728,1.25
2321,13627,9.84
2322,2181,1.57
2323,234,0.17
2324,18156,13.11
2325,1667,1.2
2326,45,0.03
2327,660,0.48
2328,1606,1.16
2329,23309,16.83
2330,823,0.59
2331,1221,0.88
2332,164,0.12
2333,4575,3.3
2334,2960,2.14
2335,5823,4.2
2336,9009,6.51
2337,1362,0.98
2338,4220,3.05
2339,326,0.24
2340,5210,3.76
2341,289,0.21
2342,250,0.18
2343,19,0.01
2344,1676,1.21
2345,254,0.18
2346,2173,1.57
2347,634,0.46
2348,2387,1.72
2349,1470,1.06
2350,134,0.1
2351,1152,0.83
2352,6650,4.8
2353,14217,10.27
2354,1229,0.89
2355,20465,14.78
2356,1149,0.83
2357,2390,1.73
2358,119,0.09
2359,6610,4.77
2360,2292,1.65
2361,1197,0.86
2362,379,0.27
2363,2348,1.7
2364,725,0.52
2365,858,0.62
2366,6627,4.79
2367,2789,2.01
2368,423,0.31
2369,5410,3.91
2370,958,0.69
2371,6298,4.55
2372,1861,1.34
2373,1666,1.2
2374,1563,1.13
2375,3768,2.72
2376,3462,2.5
2377,1080,0.78
2378,5771,4.17
2379,3373,2.44
2380,2765,2.0
2381,2722,1.97
2382,2292,1.65
2383,2155,1.56
2384,5197,3.75
2385,991,0.72
2386,591,0.43
2387,2220,1.6
2388,160,0.12
2389,2829,2.04
2390,2542,1.84
2391,6514,4.7
2392,1520,1.1
2393,8052,5.81
2394,6312,4.56
2395,13780,9.95
2396,24521,17.71
2397,162,0.12
2398,4783,3.45
2399,1388,1.0
2400,362,0.26
2401,2646,1.91
2402,4846,3.5
2403,5291,3.82
2404,3604,2.6
2405,6111,4.41
2406,13553,9.79
2407,10666,7.7
2408,1882,1.36
2409,5397,3.9
2410,5076,3.67
2411,4873,3.52
2412,3565,2.57
2413,4418,3.19
2414,2650,1.91
2415,71,0.05
2416,2636,1.9
2417,529,0.38
2418,682,0.49
2419,367,0.26
2420,8234,5.95
2421,5988,4.32
2422,3683,2.66
2423,5739,4.14
2424,11286,8.15
2425,586,0.42
2426,162,0.12
2427,8238,5.95
2428,5672,4.1
2429,1424,1.03
2430,955,0.69
2431,6045,4.36
2432,2026,1.46
2433,3965,2.86
2434,271,0.2
2435,667,0.48
2436,1311,0.95
2437,778,0.56
2438,12,0.01
2439,1620,1.17
2440,352,0.25
2441,198,0.14
2442,1350,0.97
2443,1235,0.89
2444,78,0.06
2445,760,0.55
2446,607,0.44
2447,2866,2.07
2448,1385,1.0
2449,308,0.22
2450,3741,2.7
2451,687,0.5
2452,94,0.07
2453,1203,0.87
2454,3481,2.51
2455,10174,7.35
2456,1788,1.29
2457,1354,0.98
2458,873,0.63
2459,3026,2.18
2460,809,0.58
2461,403,0.29
2462,554,0.4
2463,3408,2.46
2464,129,0.09
2465,240,0.17
2466,84,0.06
2467,5436,3.93
2468,2944,2.13
2469,3687,2.66
2470,12297,8.88
2471,5247,3.79
2472,535,0.39
2473,1265,0.91
2474,3278,2.37
2475,636,0.46
2476,2045,1.48
2477,312,0.23
2478,6485,4.68
2479,308,0.22
2480,37,0.03
2481,446,0.32
2482,344,0.25
2483,306,0.22
2484,14,0.01
2485,5498,3.97
2486,66,0.05
2487,107,0.08
2488,1032,0.75
2489,19,0.01
2490,8232,5.94
2491,874,0.63
2492,802,0.58
2493,267,0.19
2494,195,0.14
2495,845,0.61
2496,3794,2.74
2497,1852,1.34
2498,865,0.62
2499,384,0.28
2500,1021,0.74
2501,7378,5.33
2502,20328,14.68
2503,115,0.08
2504,1568,1.13
2505,4087,2.95
2506,1351,0.98
2507,455,0.33
2508,12,0.01
2509,161,0.12
2510,72,0.05
2511,1006,0.73
2512,170,0.12
2513,3364,2.43
2514,1003,0.72
2515,449,0.32
2516,398,0.29
2517,2186,1.58
2518,2066,1.49
2519,785,0.57
2520,1501,1.08
2521,667,0.48
2522,627,0.45
2523,239,0.17
2524,1972,1.42
2525,764,0.55
2526,610,0.44
2527,4163,3.01
2528,5054,3.65
2529,12702,9.17
2530,2425,1.75
2531,2044,1.48
2532,2018,1.46
2533,3421,2.47
2534,89,0.06
2535,702,0.51
2536,309,0.22
2537,284,0.21
2538,44,0.03
2539,9052,6.54
2540,1068,0.77
2541,8529,6.16
2542,15325,11.07
2543,49,0.04
2544,126,0.09
2545,129,0.09
2546,1032,0.75
2547,9,0.01
2548,818,0.59
2549,1607,1.16
2550,1531,1.11
2551,1785,1.29
2552,288,0.21
2553,1429,1.03
2554,756,0.55
2555,1399,1.01
2556,46,0.03
2557,212,0.15
2558,2027,1.46
2559,364,0.26
2560,1527,1.1
2561,1129,0.82
2562,234,0.17
2563,885,0.64
2564,19,0.01
2565,3726,2.69
2566,277,0.2
2567,3913,2.83
2568,1462,1.06
2569,52,0.04
2570,772,0.56
2571,51334,37.07
2572,11613,8.39
2573,318,0.23
2574,1471,1.06
2575,1372,0.99
2576,32,0.02
2577,237,0.17
2578,96,0.07
2579,1305,0.94
2580,8554,6.18
2581,7237,5.23
2582,525,0.38
2583,1951,1.41
2584,20,0.01
2585,597,0.43
2586,168,0.12
2587,891,0.64
2588,15,0.01
2589,352,0.25
2590,604,0.44
2591,31,0.02
2592,32,0.02
2593,504,0.36
2594,2522,1.82
2595,18,0.01
2596,1517,1.1
2597,486,0.35
2598,3910,2.82
2599,13756,9.93
2600,5298,3.83
2601,15,0.01
2602,54,0.04
2603,32,0.02
2604,29,0.02
2605,8202,5.92
2606,1880,1.36
2607,605,0.44
2608,49,0.04
2609,487,0.35
2610,393,0.28
2611,1226,0.89
2612,1103,0.8
2613,1453,1.05
2614,294,0.21
2615,1048,0.76
2616,5982,4.32
2617,16761,12.1
2618,1214,0.88
2619,11,0.01
2620,234,0.17
2621,414,0.3
2622,3625,2.62
2623,39,0.03
2624,762,0.55
2625,636,0.46
2626,268,0.19
2627,110,0.08
2628,29574,21.35
2629,886,0.64
2630,380,0.27
2631,36,0.03
2632,129,0.09
2633,1717,1.24
2634,638,0.46
2635,176,0.13
2636,74,0.05
2637,169,0.12
2638,178,0.13
2639,1205,0.87
2640,15089,10.9
2641,8076,5.83
2642,4826,3.48
2643,3352,2.42
2644,2074,1.5
2646,207,0.15
2647,271,0.2
2648,3361,2.43
2649,362,0.26
2650,167,0.12
2651,410,0.3
2652,241,0.17
2653,224,0.16
2654,881,0.64
2655,287,0.21
2656,362,0.26
2657,13482,9.73
2658,43,0.03
2659,260,0.19
2660,1018,0.74
2661,525,0.38
2662,4827,3.49
2663,227,0.16
2664,4642,3.35
2665,364,0.26
2666,108,0.08
2667,223,0.16
2668,1453,1.05
2669,489,0.35
2670,1306,0.94
2671,12588,9.09
2672,3925,2.83
2673,108,0.08
2674,181,0.13
2675,92,0.07
2676,1972,1.42
2677,2653,1.92
2678,192,0.14
2679,52,0.04
2680,26,0.02
2681,452,0.33
2682,770,0.56
2683,24651,17.8
2684,29,0.02
2685,55,0.04
2686,5834,4.21
2687,5158,3.72
2688,5742,4.15
2689,228,0.16
2690,2920,2.11
2691,602,0.43
2692,17029,12.3
2693,1825,1.32
2694,8949,6.46
2695,104,0.08
2696,1181,0.85
2697,388,0.28
2698,23,0.02
2699,13866,10.01
2700,17371,12.54
2701,11038,7.97
2702,3153,2.28
2703,32,0.02
2704,456,0.33
2705,115,0.08
2706,23301,16.82
2707,6821,4.93
2708,528,0.38
2709,1834,1.32
2710,19111,13.8
2711,303,0.22
2712,14615,10.55
2713,3742,2.7
2714,583,0.42
2715,131,0.09
2716,29381,21.21
2717,8079,5.83
2718,3038,2.19
2719,4677,3.38
2720,3847,2.78
2721,640,0.46
2722,7248,5.23
2723,8239,5.95
2724,8159,5.89
2725,681,0.49
2726,2100,1.52
2727,347,0.25
2728,5072,3.66
2729,3033,2.19
2730,2463,1.78
2731,2851,2.06
2732,1720,1.24
2733,299,0.22
2734,2720,1.96
2735,3871,2.8
2736,1457,1.05
2737,106,0.08
2738,518,0.37
2739,5566,4.02
2740,75,0.05
2741,317,0.23
2742,45,0.03
2743,93,0.07
2744,244,0.18
2745,2340,1.69
2746,8347,6.03
2747,2922,2.11
2748,949,0.69
2749,561,0.41
2750,2225,1.61
2751,331,0.24
2752,978,0.71
2753,320,0.23
2754,69,0.05
2755,176,0.13
2756,210,0.15
2757,767,0.55
2758,208,0.15
2759,2858,2.06
2760,45,0.03
2761,8407,6.07
2762,39028,28.18
2763,11879,8.58
2764,2727,1.97
2765,246,0.18
2766,270,0.19
2767,260,0.19
2768,74,0.05
2769,681,0.49
2770,9667,6.98
2771,1589,1.15
2772,1996,1.44
2773,92,0.07
2774,682,0.49
2775,158,0.11
2776,122,0.09
2777,77,0.06
2778,180,0.13
2779,2307,1.67
2780,436,0.31
2781,349,0.25
2782,661,0.48
2783,113,0.08
2784,461,0.33
2785,114,0.08
2786,380,0.27
2787,1072,0.77
2788,5816,4.2
2789,1285,0.93
2790,534,0.39
2791,18866,13.62
2792,4284,3.09
2793,2181,1.57
2794,3183,2.3
2795,5899,4.26
2796,1340,0.97
2797,19506,14.08
2798,1703,1.23
2799,1125,0.81
2800,287,0.21
2801,853,0.62
2802,2049,1.48
2803,4705,3.4
2804,12934,9.34
2805,4582,3.31
2806,1729,1.25
2807,1238,0.89
2808,4065,2.94
2809,268,0.19
2810,1154,0.83
2811,34,0.02
2812,312,0.23
2813,128,0.09
2814,84,0.06
2815,1747,1.26
2816,976,0.7
2817,726,0.52
2818,459,0.33
2819,3440,2.48
2820,334,0.24
2821,28,0.02
2822,1898,1.37
2823,41,0.03
2824,133,0.1
2825,58,0.04
2826,7478,5.4
2827,2933,2.12
2828,948,0.68
2829,1564,1.13
2830,135,0.1
2831,83,0.06
2832,31,0.02
2833,166,0.12
2834,192,0.14
2835,461,0.33
2836,1235,0.89
2837,192,0.14
2838,27,0.02
2839,179,0.13
2840,4919,3.55
2841,4368,3.15
2842,398,0.29
2843,1335,0.96
2844,544,0.39
2845,43,0.03
2846,1518,1.1
2847,362,0.26
2848,394,0.28
2849,199,0.14
2850,54,0.04
2851,627,0.45
2852,1073,0.77
2853,168,0.12
2854,68,0.05
2855,98,0.07
2856,480,0.35
2857,4398,3.18
2858,44987,32.48
2859,2192,1.58
2860,1745,1.26
2861,2312,1.67
2862,1023,0.74
2863,4261,3.08
2864,171,0.12
2865,134,0.1
2866,1407,1.02
2867,2023,1.46
2868,417,0.3
2869,51,0.04
2870,1298,0.94
2871,8478,6.12
2872,6376,4.6
2873,212,0.15
2874,448,0.32
2875,2054,1.48
2876,434,0.31
2877,1682,1.21
2878,192,0.14
2879,1016,0.73
2880,465,0.34
2881,7448,5.38
2882,952,0.69
2883,1778,1.28
2884,296,0.21
2885,531,0.38
2886,377,0.27
2887,109,0.08
2888,1086,0.78
2889,1877,1.36
2890,12045,8.7
2891,1341,0.97
2892,146,0.11
2893,482,0.35
2894,496,0.36
2895,18,0.01
2896,102,0.07
2897,183,0.13
2898,674,0.49
2899,677,0.49
2900,908,0.66
2901,1807,1.3
2902,1093,0.79
2903,729,0.53
2904,147,0.11
2905,1209,0.87
2906,1644,1.19
2907,1547,1.12
2908,7893,5.7
2909,21,0.02
2910,53,0.04
2911,91,0.07
2912,3349,2.42
2913,209,0.15
2914,129,0.09
2915,7902,5.71
2916,20791,15.01
2917,3816,2.76
2918,23317,16.84
2919,2830,2.04
2920,1048,0.76
2921,2555,1.84
2922,1621,1.17
2923,134,0.1
2924,1992,1.44
2925,805,0.58
2926,3320,2.4
2927,913,0.66
2928,524,0.38
2929,1410,1.02
2930,93,0.07
2931,345,0.25
2932,1358,0.98
2933,124,0.09
2934,38,0.03
2935,1398,1.01
2936,1422,1.03
2937,879,0.63
2938,271,0.2
2939,509,0.37
2940,1008,0.73
2941,2033,1.47
2942,3690,2.66
2943,1070,0.77
2944,7140,5.16
2945,145,0.1
2946,2062,1.49
2947,11240,8.12
2948,7182,5.19
2949,7183,5.19
2950,3674,2.65
2951,6591,4.76
2952,1783,1.29
2953,6880,4.97
2954,17,0.01
2955,29,0.02
2956,915,0.66
2957,20,0.01
2958,7,0.01
2959,40106,28.96
2960,86,0.06
2961,1852,1.34
2962,460,0.33
2963,122,0.09
2964,223,0.16
2965,413,0.3
2966,3691,2.67
2967,834,0.6
2968,8595,6.21
2969,642,0.46
2970,1279,0.92
2971,2268,1.64
2972,507,0.37
2973,3946,2.85
2974,622,0.45
2975,601,0.43
2976,3614,2.61
2977,403,0.29
2978,997,0.72
2979,321,0.23
2980,17,0.01
2981,56,0.04
2982,186,0.13
2983,699,0.5
2984,137,0.1
2985,14157,10.22
2986,4975,3.59
2987,21739,15.7
2988,710,0.51
2989,4005,2.89
2990,4090,2.95
2991,4892,3.53
2992,202,0.15
2993,4210,3.04
2994,76,0.05
2995,2882,2.08
2996,742,0.54
2997,27160,19.61
2998,78,0.06
2999,86,0.06
3000,9564,6.91
3001,73,0.05
3002,364,0.26
3003,166,0.12
3004,1648,1.19
3005,6487,4.68
3006,8802,6.36
3007,2052,1.48
3008,701,0.51
3009,25,0.02
3010,324,0.23
3011,1072,0.77
3012,89,0.06
3013,464,0.34
3014,243,0.18
3015,1031,0.74
3016,2735,1.97
3017,685,0.49
3018,1979,1.43
3019,3772,2.72
3020,6313,4.56
3021,228,0.16
3022,2224,1.61
3023,30,0.02
3024,976,0.7
3025,57,0.04
3026,73,0.05
3028,928,0.67
3029,812,0.59
3030,3559,2.57
3031,348,0.25
3032,1666,1.2
3033,11536,8.33
3034,4525,3.27
3035,2522,1.82
3036,1124,0.81
3037,4033,2.91
3038,608,0.44
3039,9191,6.64
3040,2021,1.46
3041,467,0.34
3042,395,0.29
3043,221,0.16
3044,3845,2.78
3045,822,0.59
3046,598,0.43
3047,89,0.06
3048,332,0.24
3049,233,0.17
3050,129,0.09
3051,1199,0.87
3052,15753,11.37
3053,2648,1.91
3054,1478,1.07
3055,612,0.44
3056,111,0.08
3057,52,0.04
3058,61,0.04
3059,19,0.01
3060,5235,3.78
3061,1656,1.2
3062,2779,2.01
3063,1136,0.82
3064,442,0.32
3065,40,0.03
3066,1950,1.41
3067,2849,2.06
3068,2383,1.72
3069,238,0.17
3070,3770,2.72
3071,2573,1.86
3072,7458,5.39
3073,168,0.12
3074,1439,1.04
3075,1119,0.81
3076,605,0.44
3077,1120,0.81
3078,791,0.57
3079,1358,0.98
3080,8,0.01
3081,13162,9.5
3082,8462,6.11
3083,4332,3.13
3084,21,0.02
3085,34,0.02
3086,452,0.33
3087,5293,3.82
3088,3471,2.51
3089,3186,2.3
3090,1128,0.81
3091,1333,0.96
3092,135,0.1
3093,1409,1.02
3094,653,0.47
3095,3674,2.65
3096,655,0.47
3097,1637,1.18
3098,4964,3.58
3099,1373,0.99
3100,5534,4.0
3101,9759,7.05
3102,1470,1.06
3103,404,0.29
3104,5351,3.86
3105,6711,4.85
3106,98,0.07
3107,7750,5.6
3108,7729,5.58
3109,341,0.25
3110,200,0.14
3111,1264,0.91
3112,354,0.26
3113,5181,3.74
3114,22770,16.44
3115,647,0.47
3116,43,0.03
3117,551,0.4
3118,378,0.27
3119,70,0.05
3120,929,0.67
3121,147,0.11
3122,146,0.11
3123,35,0.03
3124,148,0.11
3125,1223,0.88
3126,66,0.05
3127,587,0.42
3128,305,0.22
3129,1748,1.26
3130,1084,0.78
3131,18,0.01
3132,151,0.11
3133,233,0.17
3134,1594,1.15
3135,1481,1.07
3136,39,0.03
3137,127,0.09
3138,350,0.25
3139,123,0.09
3140,109,0.08
3141,540,0.39
3142,1118,0.81
3143,192,0.14
3144,249,0.18
3145,1144,0.83
3146,3443,2.49
3147,21080,15.22
3148,6861,4.95
3149,57,0.04
3150,318,0.23
3151,18,0.01
3152,2732,1.97
3153,1564,1.13
3154,48,0.03
3155,3403,2.46
3156,3644,2.63
3157,4836,3.49
3158,368,0.27
3159,4066,2.94
3160,11684,8.44
3161,182,0.13
3162,93,0.07
3163,1548,1.12
3164,10,0.01
3165,366,0.26
3166,88,0.06
3167,1100,0.79
3168,5328,3.85
3169,1719,1.24
3170,8,0.01
3171,161,0.12
3172,47,0.03
3173,4078,2.94
3174,7718,5.57
3175,13945,10.07
3176,13563,9.79
3177,1236,0.89
3178,4408,3.18
3179,1525,1.1
3180,363,0.26
3181,1353,0.98
3182,944,0.68
3183,202,0.15
3184,42,0.03
3185,2078,1.5
3186,4750,3.43
3187,29,0.02
3188,321,0.23
3189,1754,1.27
3190,1020,0.74
3191,5,0.0
3192,143,0.1
3193,6,0.0
3194,1159,0.84
3195,6,0.0
3196,2829,2.04
3197,1221,0.88
3198,4483,3.24
3199,288,0.21
3200,1150,0.83
3201,2132,1.54
3202,122,0.09
3203,3277,2.37
3204,1366,0.99
3205,173,0.12
3206,765,0.55
3207,70,0.05
3208,1836,1.33
3209,11,0.01
3210,7968,5.75
3211,364,0.26
3212,19,0.01
3213,1757,1.27
3214,406,0.29
3215,64,0.05
3216,108,0.08
3217,433,0.31
3218,164,0.12
3219,2338,1.69
3220,13,0.01
3221,399,0.29
3222,160,0.12
3223,318,0.23
3224,648,0.47
3225,897,0.65
3226,3,0.0
3227,11,0.01
3228,24,0.02
3229,24,0.02
3230,497,0.36
3231,18,0.01
3232,165,0.12
3233,12,0.01
3234,3,0.0
3235,453,0.33
3236,23,0.02
3237,8,0.01
3238,1254,0.91
3239,205,0.15
3240,194,0.14
3241,352,0.25
3242,56,0.04
3243,2494,1.8
3244,1451,1.05
3245,167,0.12
3246,4481,3.24
3247,7095,5.12
3248,2546,1.84
3249,2591,1.87
3250,2738,1.98
3251,1350,0.97
3252,7414,5.35
3253,13124,9.48
3254,5122,3.7
3255,10026,7.24
3256,8961,6.47
3257,6161,4.45
3258,3401,2.46
3259,2986,2.16
3260,2914,2.1
3261,2772,2.0
3262,2219,1.6
3263,5600,4.04
3264,4753,3.43
3265,2782,2.01
3266,1486,1.07
3267,4381,3.16
3268,1835,1.32
3269,3054,2.21
3270,1454,1.05
3271,3556,2.57
3272,1286,0.93
3273,6051,4.37
3274,2754,1.99
3275,8027,5.8
3276,297,0.21
3277,4,0.0
3278,5,0.0
3279,20,0.01
3280,23,0.02
3281,334,0.24
3282,104,0.08
3283,93,0.07
3284,235,0.17
3285,5404,3.9
3286,774,0.56
3287,847,0.61
3288,26,0.02
3289,386,0.28
3290,3,0.0
3291,24,0.02
3292,104,0.08
3293,28,0.02
3294,47,0.03
3295,90,0.06
3296,1710,1.23
3297,6,0.0
3298,4451,3.21
3299,852,0.62
3300,7154,5.17
3301,6606,4.77
3302,260,0.19
3303,79,0.06
3304,305,0.22
3305,44,0.03
3306,354,0.26
3307,2593,1.87
3308,1153,0.83
3309,156,0.11
3310,1020,0.74
3311,227,0.16
3312,5,0.0
3313,99,0.07
3314,35,0.03
3315,14,0.01
3316,2369,1.71
3317,6586,4.76
3318,194,0.14
3319,138,0.1
3320,415,0.3
3321,10,0.01
3322,68,0.05
3323,81,0.06
3324,1047,0.76
3325,921,0.67
3326,962,0.69
3327,735,0.53
3328,4293,3.1
3329,229,0.17
3330,683,0.49
3331,193,0.14
3332,5,0.0
3333,80,0.06
3334,2817,2.03
3335,60,0.04
3336,17,0.01
3337,13,0.01
3338,256,0.18
3339,625,0.45
3340,285,0.21
3341,935,0.68
3342,1368,0.99
3343,210,0.15
3344,143,0.1
3345,114,0.08
3346,30,0.02
3347,1315,0.95
3348,21,0.02
3349,95,0.07
3350,862,0.62
3351,103,0.07
3352,27,0.02
3353,35,0.03
3354,6365,4.6
3355,3475,2.51
3356,1,0.0
3357,516,0.37
3358,2213,1.6
3359,3174,2.29
3360,4747,3.43
3361,7077,5.11
3362,7045,5.09
3363,7485,5.4
3364,1048,0.76
3365,2128,1.54
3367,196,0.14
3368,349,0.25
3369,12,0.01
3370,320,0.23
3371,233,0.17
3372,325,0.23
3373,41,0.03
3374,87,0.06
3375,201,0.15
3376,6,0.0
3377,37,0.03
3378,55,0.04
3379,553,0.4
3380,32,0.02
3381,6,0.0
3382,5,0.0
3383,4,0.0
3384,1677,1.21
3385,637,0.46
3386,7527,5.43
3387,1069,0.77
3388,1970,1.42
3389,121,0.09
3390,231,0.17
3391,678,0.49
3392,1013,0.73
3393,217,0.16
3394,1167,0.84
3395,267,0.19
3396,6793,4.9
3397,2406,1.74
3398,2470,1.78
3399,551,0.4
3400,277,0.2
3401,589,0.43
3402,127,0.09
3403,198,0.14
3404,1733,1.25
3405,734,0.53
3406,426,0.31
3407,20,0.01
3408,15909,11.49
3409,5088,3.67
3410,51,0.04
3411,5,0.0
3412,999,0.72
3413,40,0.03
3414,229,0.17
3415,504,0.36
3417,378,0.27
3418,12258,8.85
3419,50,0.04
3420,1136,0.82
3421,11347,8.19
3422,938,0.68
3423,343,0.25
3424,6081,4.39
3425,436,0.31
3426,1108,0.8
3427,338,0.24
3428,308,0.22
3429,2585,1.87
3430,1101,0.79
3431,474,0.34
3432,430,0.31
3433,267,0.19
3434,213,0.15
3435,4909,3.54
3436,772,0.56
3437,139,0.1
3438,4951,3.57
3439,2614,1.89
3440,1931,1.39
3441,2807,2.03
3442,168,0.12
3443,60,0.04
3444,1736,1.25
3445,591,0.43
3446,274,0.2
3447,357,0.26
3448,11548,8.34
3449,152,0.11
3450,5588,4.03
3451,2601,1.88
3452,4037,2.91
3453,613,0.44
3454,359,0.26
3455,17,0.01
3456,396,0.29
3457,577,0.42
3458,20,0.01
3459,372,0.27
3460,6,0.0
3461,2733,1.97
3462,3732,2.69
3463,68,0.05
3464,97,0.07
3465,80,0.06
3466,1081,0.78
3467,1530,1.1
3468,3955,2.86
3469,1938,1.4
3470,969,0.7
3471,14155,10.22
3472,62,0.04
3473,112,0.08
3474,99,0.07
3475,753,0.54
3476,5005,3.61
3477,2752,1.99
3478,1936,1.4
3479,3747,2.71
3480,1014,0.73
3481,15887,11.47
3483,1935,1.4
3484,2224,1.61
3485,22,0.02
3486,59,0.04
3487,487,0.35
3488,69,0.05
3489,8362,6.04
3490,120,0.09
3491,211,0.15
3492,79,0.06
3493,35,0.03
3494,1794,1.3
3495,59,0.04
3496,241,0.17
3497,398,0.29
3498,2980,2.15
3499,9136,6.6
3500,725,0.52
3501,918,0.66
3502,553,0.4
3503,2148,1.55
3504,5206,3.76
3505,2677,1.93
3506,708,0.51
3507,3130,2.26
3508,3258,2.35
3509,410,0.3
3510,7836,5.66
3511,482,0.35
3512,2645,1.91
3513,2464,1.78
3514,250,0.18
3515,1153,0.83
3516,934,0.67
3517,21,0.02
3518,249,0.18
3519,1021,0.74
3520,135,0.1
3521,1427,1.03
3522,43,0.03
3523,46,0.03
3524,2952,2.13
3525,1898,1.37
3526,4921,3.55
3527,14537,10.5
3528,1672,1.21
3529,1004,0.72
3530,45,0.03
3531,126,0.09
3533,67,0.05
3534,4670,3.37
3535,8593,6.2
3536,4033,2.91
3537,272,0.2
3538,1234,0.89
3539,439,0.32
3540,146,0.11
3541,10,0.01
3542,16,0.01
3543,3655,2.64
3544,441,0.32
3545,3087,2.23
3546,1494,1.08
3547,460,0.33
3548,1333,0.96
3549,1637,1.18
3550,992,0.72
3551,3547,2.56
3552,8832,6.38
3553,607,0.44
3554,1017,0.73
3555,6791,4.9
3556,6298,4.55
3557,654,0.47
3558,11,0.01
3559,338,0.24
3560,37,0.03
3561,1,0.0
3562,154,0.11
3563,432,0.31
3564,1482,1.07
3565,1826,1.32
3566,1433,1.03
3567,180,0.13
3568,101,0.07
3569,821,0.59
3570,40,0.03
3571,606,0.44
3572,368,0.27
3573,167,0.12
3574,139,0.1
3575,47,0.03
3576,1194,0.86
3577,291,0.21
3578,32878,23.74
3579,300,0.22
3580,190,0.14
3581,864,0.62
3582,3,0.0
3583,3,0.0
3584,515,0.37
3585,77,0.06
3586,108,0.08
3587,246,0.18
3588,208,0.15
3589,26,0.02
3590,283,0.2
3591,2892,2.09
3592,55,0.04
3593,3973,2.87
3594,1273,0.92
3595,55,0.04
3596,321,0.23
3597,411,0.3
3598,1168,0.84
3599,513,0.37
3600,440,0.32
3601,34,0.02
3602,180,0.13
3603,18,0.01
3604,535,0.39
3605,212,0.15
3606,929,0.67
3607,13,0.01
3608,5662,4.09
3609,70,0.05
3610,103,0.07
3611,114,0.08
3612,138,0.1
3613,333,0.24
3614,2090,1.51
3615,2310,1.67
3616,1385,1.0
3617,7292,5.27
3618,2051,1.48
3619,272,0.2
3620,245,0.18
3621,129,0.09
3622,323,0.23
3623,16230,11.72
3624,7550,5.45
3625,71,0.05
3626,277,0.2
3627,601,0.43
3628,324,0.23
3629,2032,1.47
3630,44,0.03
3631,33,0.02
3632,369,0.27
3633,2688,1.94
3634,895,0.65
3635,4179,3.02
3636,53,0.04
3637,158,0.11
3638,4680,3.38
3639,3846,2.78
3640,96,0.07
3641,71,0.05
3642,45,0.03
3643,287,0.21
3644,64,0.05
3645,249,0.18
3646,2394,1.73
3647,7,0.01
3648,82,0.06
3649,1397,1.01
3650,27,0.02
3651,26,0.02
3652,141,0.1
3653,707,0.51
3654,3476,2.51
3655,327,0.24
3656,21,0.02
3657,29,0.02
3658,386,0.28
3659,154,0.11
3660,650,0.47
3661,335,0.24
3662,323,0.23
3663,222,0.16
3664,213,0.15
3665,162,0.12
3666,97,0.07
3667,133,0.1
3668,2815,2.03
3669,384,0.28
3670,96,0.07
3671,10519,7.6
3672,845,0.61
3673,236,0.17
3674,212,0.15
3675,1894,1.37
3676,2587,1.87
3677,1440,1.04
3678,416,0.3
3679,426,0.31
3680,311,0.22
3681,4638,3.35
3682,1472,1.06
3683,5053,3.65
3684,1832,1.32
3685,2271,1.64
3686,3699,2.67
3687,51,0.04
3688,2312,1.67
3689,924,0.67
3690,769,0.56
3691,205,0.15
3692,306,0.22
3693,1136,0.82
3694,377,0.27
3695,309,0.22
3696,403,0.29
3697,5385,3.89
3698,6624,4.78
3699,4055,2.93
3700,1053,0.76
3701,2316,1.67
3702,8825,6.37
3703,8756,6.32
3704,5436,3.93
3705,2043,1.48
3706,2692,1.94
3707,1719,1.24
3708,1342,0.97
3709,659,0.48
3710,781,0.56
3711,143,0.1
3712,1478,1.07
3713,392,0.28
3714,214,0.15
3715,299,0.22
3716,219,0.16
3717,9543,6.89
3718,399,0.29
3719,313,0.23
3720,620,0.45
3721,115,0.08
3722,61,0.04
3723,2001,1.44
3724,818,0.59
3725,387,0.28
3726,971,0.7
3727,1105,0.8
3728,813,0.59
3729,1221,0.88
3730,3856,2.78
3731,218,0.16
3732,385,0.28
3733,1557,1.12
3734,288,0.21
3735,4123,2.98
3736,509,0.37
3737,194,0.14
3738,384,0.28
3739,388,0.28
3740,4999,3.61
3741,2140,1.55
3742,1813,1.31
3743,590,0.43
3744,4037,2.91
3745,5430,3.92
3746,367,0.26
3747,827,0.6
3748,29,0.02
3749,130,0.09
3750,5,0.0
3751,16472,11.89
3752,8134,5.87
3753,12946,9.35
3754,1564,1.13
3755,9876,7.13
3756,249,0.18
3757,83,0.06
3758,410,0.3
3759,171,0.12
3760,1476,1.07
3761,410,0.3
3762,12,0.01
3763,3335,2.41
3764,987,0.71
3765,309,0.22
3766,760,0.55
3767,464,0.34
3768,376,0.27
3769,681,0.49
3770,1276,0.92
3771,588,0.42
3772,31,0.02
3773,674,0.49
3774,324,0.23
3775,109,0.08
3776,128,0.09
3777,143,0.1
3778,25,0.02
3779,8,0.01
3780,126,0.09
3781,111,0.08
3782,150,0.11
3783,2046,1.48
3784,1414,1.02
3785,8706,6.29
3786,1844,1.33
3787,500,0.36
3788,1741,1.26
3789,652,0.47
3790,279,0.2
3791,3383,2.44
3792,249,0.18
3793,26846,19.38
3794,826,0.6
3795,262,0.19
3796,145,0.1
3797,259,0.19
3798,6052,4.37
3799,1071,0.77
3800,43,0.03
3801,1702,1.23
3802,1489,1.08
3803,35,0.03
3804,153,0.11
3805,128,0.09
3806,170,0.12
3807,448,0.32
3808,250,0.18
3809,5736,4.14
3810,323,0.23
3811,1793,1.29
3812,2095,1.51
3813,545,0.39
3814,1684,1.22
3816,278,0.2
3817,74,0.05
3818,39,0.03
3819,1746,1.26
3820,201,0.15
3821,2727,1.97
3822,585,0.42
3823,409,0.3
3824,1447,1.04
3825,4077,2.94
3826,7228,5.22
3827,5088,3.67
3828,6,0.0
3829,41,0.03
3830,327,0.24
3831,1564,1.13
3832,144,0.1
3833,314,0.23
3834,520,0.38
3835,869,0.63
3836,2151,1.55
3837,402,0.29
3838,210,0.15
3839,194,0.14
3840,539,0.39
3841,1659,1.2
3843,283,0.2
3844,3141,2.27
3845,175,0.13
3846,417,0.3
3847,165,0.12
3848,97,0.07
3849,262,0.19
3850,40,0.03
3851,410,0.3
3852,1797,1.3
3853,51,0.04
3854,291,0.21
3855,363,0.26
3856,5,0.0
3857,745,0.54
3858,772,0.56
3859,436,0.31
3860,66,0.05
3861,2651,1.91
3862,285,0.21
3863,8023,5.79
3864,1364,0.98
3865,970,0.7
3866,29,0.02
3867,87,0.06
3868,7338,5.3
3869,4654,3.36
3870,214,0.15
3871,1769,1.28
3872,480,0.35
3873,1325,0.96
3874,101,0.07
3875,105,0.08
3876,54,0.04
3877,1211,0.87
3878,60,0.04
3879,1394,1.01
3880,104,0.08
3881,66,0.05
3882,4547,3.28
3883,59,0.04
3884,244,0.18
3885,202,0.15
3886,203,0.15
3887,27,0.02
3888,57,0.04
3889,1246,0.9
3890,7,0.01
3891,28,0.02
3892,318,0.23
3893,4637,3.35
3894,156,0.11
3895,771,0.56
3896,1524,1.1
3897,18434,13.31
3898,433,0.31
3899,55,0.04
3900,154,0.11
3901,753,0.54
3902,90,0.06
3903,255,0.18
3904,8,0.01
3905,134,0.1
3906,405,0.29
3907,20,0.01
3908,1107,0.8
3909,643,0.46
3910,3862,2.79
3911,10246,7.4
3912,265,0.19
3913,126,0.09
3914,333,0.24
3915,771,0.56
3916,7562,5.46
3917,2418,1.75
3918,1246,0.9
3919,730,0.53
3920,335,0.24
3921,144,0.1
3922,115,0.08
3923,343,0.25
3924,78,0.06
3925,1100,0.79
3926,558,0.4
3927,1614,1.17
3928,959,0.69
3929,703,0.51
3930,1046,0.76
3931,169,0.12
3932,1456,1.05
3933,130,0.09
3934,85,0.06
3936,542,0.39
3937,614,0.44
3938,164,0.12
3939,141,0.1
3940,101,0.07
3941,110,0.08
3942,114,0.08
3943,728,0.53
3944,76,0.05
3945,448,0.32
3946,1105,0.8
3947,685,0.49
3948,15713,11.35
3949,14515,10.48
3950,1294,0.93
3951,217,0.16
3952,2550,1.84
3953,1336,0.96
3954,48,0.03
3955,958,0.69
3956,599,0.43
3957,617,0.45
3958,135,0.1
3959,2869,2.07
3960,138,0.1
3961,510,0.37
3962,273,0.2
3963,489,0.35
3964,634,0.46
3965,219,0.16
3966,407,0.29
3967,7581,5.47
3968,3845,2.78
3969,5186,3.74
3970,205,0.15
3971,154,0.11
3972,2946,2.13
3973,1435,1.04
3974,253,0.18
3975,477,0.34
3976,62,0.04
3977,15977,11.54
3978,2866,2.07
3979,3061,2.21
3980,3214,2.32
3981,3458,2.5
3982,199,0.14
3983,2903,2.1
3984,4357,3.15
3985,705,0.51
3986,4700,3.39
3987,1824,1.32
3988,5614,4.05
3989,581,0.42
3990,684,0.49
3991,1577,1.14
3992,789,0.57
3993,2621,1.89
3994,13555,9.79
3995,29,0.02
3996,25090,18.12
3997,2047,1.48
3998,2326,1.68
3999,3147,2.27
4000,596,0.43
4001,146,0.11
4002,7024,5.07
4003,824,0.59
4004,21,0.02
4005,1990,1.44
4006,2836,2.05
4007,4627,3.34
4008,3932,2.84
4009,787,0.57
4010,1723,1.24
4011,17617,12.72
4012,552,0.4
4013,39,0.03
4014,10207,7.37
4015,5010,3.62
4016,5504,3.97
4017,2018,1.46
4018,8554,6.18
4019,5887,4.25
4020,2525,1.82
4021,982,0.71
4022,18913,13.66
4023,4548,3.28
4024,655,0.47
4025,9075,6.55
4026,59,0.04
4027,19459,14.05
4028,348,0.25
4029,2940,2.12
4030,1186,0.86
4031,1047,0.76
4032,81,0.06
4033,3366,2.43
4034,16379,11.83
4035,326,0.24
4036,2389,1.72
4037,1970,1.42
4038,119,0.09
4039,2324,1.68
4040,1882,1.36
4041,3507,2.53
4042,623,0.45
4043,365,0.26
4044,57,0.04
4045,132,0.1
4046,312,0.23
4047,1613,1.16
4048,64,0.05
4049,85,0.06
4050,43,0.03
4051,65,0.05
4052,1934,1.4
4053,315,0.23
4054,2980,2.15
4055,757,0.55
4056,1509,1.09
4057,15,0.01
4058,23,0.02
4059,22,0.02
4060,96,0.07
4061,1209,0.87
4062,2000,1.44
4063,642,0.46
4064,156,0.11
4065,221,0.16
4066,1100,0.79
4067,844,0.61
4068,726,0.52
4069,3883,2.8
4070,33,0.02
4071,3,0.0
4072,140,0.1
4073,91,0.07
4074,82,0.06
4075,6,0.0
4076,34,0.02
4077,712,0.51
4078,126,0.09
4079,874,0.63
4080,705,0.51
4081,238,0.17
4082,760,0.55
4083,127,0.09
4084,4220,3.05
4085,10516,7.59
4086,1436,1.04
4087,59,0.04
4088,37,0.03
4089,511,0.37
4090,1344,0.97
4091,1346,0.97
4092,436,0.31
4093,88,0.06
4094,79,0.06
4095,632,0.46
4096,43,0.03
4097,126,0.09
4098,254,0.18
4099,54,0.04
4100,215,0.16
4101,40,0.03
4102,2193,1.58
4103,3338,2.41
4104,1044,0.75
4105,5128,3.7
4106,136,0.1
4107,44,0.03
4108,95,0.07
4109,426,0.31
4110,180,0.13
4111,223,0.16
4112,37,0.03
4113,231,0.17
4114,46,0.03
4115,158,0.11
4116,508,0.37
4117,1272,0.92
4118,84,0.06
4119,207,0.15
4120,47,0.03
4121,2946,2.13
4122,214,0.15
4123,510,0.37
4124,1245,0.9
4125,455,0.33
4126,601,0.43
4127,305,0.22
4128,5532,3.99
4129,163,0.12
4130,451,0.33
4131,307,0.22
4132,1760,1.27
4133,1319,0.95
4134,18,0.01
4135,491,0.35
4136,68,0.05
4137,80,0.06
4138,113,0.08
4139,74,0.05
4140,79,0.06
4141,522,0.38
4142,452,0.33
4143,661,0.48
4144,2096,1.51
4145,20,0.01
4146,489,0.35
4147,148,0.11
4148,7018,5.07
4149,2008,1.45
4150,24,0.02
4151,355,0.26
4152,185,0.13
4153,797,0.58
4154,333,0.24
4155,1438,1.04
4156,59,0.04
4157,64,0.05
4158,935,0.68
4159,1508,1.09
4160,346,0.25
4161,4313,3.11
4162,187,0.14
4163,37,0.03
4164,246,0.18
4165,78,0.06
4166,636,0.46
4167,1636,1.18
4168,537,0.39
4169,284,0.21
4170,14,0.01
4171,31,0.02
4172,22,0.02
4173,50,0.04
4174,721,0.52
4175,238,0.17
4176,89,0.06
4177,152,0.11
4178,980,0.71
4179,175,0.13
4180,69,0.05
4181,244,0.18
4182,61,0.04
4183,244,0.18
4184,566,0.41
4185,110,0.08
4186,387,0.28
4187,821,0.59
4188,372,0.27
4189,237,0.17
4190,559,0.4
4191,726,0.52
4192,78,0.06
4193,86,0.06
4194,232,0.17
4195,446,0.32
4196,60,0.04
4197,172,0.12
4198,292,0.21
4199,147,0.11
4200,591,0.43
4201,169,0.12
4202,21,0.02
4203,635,0.46
4204,139,0.1
4205,1155,0.83
4206,214,0.15
4207,1041,0.75
4208,100,0.07
4209,133,0.1
4210,1908,1.38
4211,1218,0.88
4212,594,0.43
4213,368,0.27
4214,3198,2.31
4215,1074,0.78
4216,466,0.34
4217,323,0.23
4218,857,0.62
4219,470,0.34
4220,1213,0.88
4221,548,0.4
4222,270,0.19
4223,7185,5.19
4224,789,0.57
4225,1767,1.28
4226,30443,21.98
4227,155,0.11
4228,1557,1.12
4229,490,0.35
4230,17,0.01
4231,996,0.72
4232,3682,2.66
4233,634,0.46
4234,1534,1.11
4235,5511,3.98
4236,127,0.09
4237,244,0.18
4238,2795,2.02
4239,7341,5.3
4240,391,0.28
4241,571,0.41
4242,213,0.15
4243,96,0.07
4244,65,0.05
4245,82,0.06
4246,11986,8.65
4247,2012,1.45
4248,1307,0.94
4249,79,0.06
4250,149,0.11
4251,768,0.55
4252,138,0.1
4253,51,0.04
4254,1567,1.13
4255,1550,1.12
4256,245,0.18
4257,15,0.01
4258,22,0.02
4259,291,0.21
4260,43,0.03
4261,53,0.04
4262,10494,7.58
4263,640,0.46
4265,1212,0.88
4266,254,0.18
4267,999,0.72
4268,226,0.16
4269,18,0.01
4270,7686,5.55
4271,96,0.07
4272,145,0.1
4273,350,0.25
4274,532,0.38
4275,1220,0.88
4276,723,0.52
4277,369,0.27
4278,558,0.4
4279,248,0.18
4280,2758,1.99
4281,58,0.04
4282,344,0.25
4283,222,0.16
4284,157,0.11
4285,840,0.61
4286,112,0.08
4287,111,0.08
4288,63,0.05
4289,101,0.07
4290,356,0.26
4291,2006,1.45
4292,1141,0.82
4293,585,0.42
4294,351,0.25
4295,49,0.04
4296,959,0.69
4297,349,0.25
4298,758,0.55
4299,5578,4.03
4300,188,0.14
4301,77,0.06
4302,62,0.04
4303,60,0.04
4304,1069,0.77
4305,923,0.67
4306,31972,23.09
4307,54,0.04
4308,11580,8.36
4309,9,0.01
4310,8198,5.92
4311,16,0.01
4312,308,0.22
4313,274,0.2
4314,57,0.04
4315,24,0.02
4316,278,0.2
4317,994,0.72
4318,772,0.56
4319,63,0.05
4320,96,0.07
4321,7008,5.06
4322,1803,1.3
4323,209,0.15
4324,66,0.05
4325,211,0.15
4326,4002,2.89
4327,3875,2.8
4328,147,0.11
4329,1332,0.96
4330,139,0.1
4331,228,0.16
4332,352,0.25
4333,2321,1.68
4334,640,0.46
4335,84,0.06
4336,506,0.37
4337,437,0.32
4338,627,0.45
4339,650,0.47
4340,1507,1.09
4341,377,0.27
4342,188,0.14
4343,4666,3.37
4344,5788,4.18
4345,1011,0.73
4346,31,0.02
4347,219,0.16
4348,32,0.02
4349,1432,1.03
4350,386,0.28
4351,3854,2.78
4352,216,0.16
4353,349,0.25
4354,528,0.38
4355,424,0.31
4356,1385,1.0
4357,768,0.55
4358,32,0.02
4359,1475,1.07
4360,226,0.16
4361,8015,5.79
4362,35,0.03
4363,61,0.04
4364,7,0.01
4365,16,0.01
4366,2515,1.82
4367,7131,5.15
4368,1735,1.25
4369,6789,4.9
4370,11196,8.08
4371,322,0.23
4372,1294,0.93
4373,481,0.35
4374,19,0.01
4375,63,0.05
4376,71,0.05
4377,32,0.02
4378,2672,1.93
4379,26,0.02
4380,1042,0.75
4381,722,0.52
4382,40,0.03
4383,817,0.59
4384,119,0.09
4385,17,0.01
4386,2003,1.45
4387,1597,1.15
4388,3724,2.69
4389,358,0.26
4390,342,0.25
4391,146,0.11
4392,371,0.27
4393,219,0.16
4394,250,0.18
4395,143,0.1
4396,1667,1.2
4397,597,0.43
4398,257,0.19
4399,161,0.12
4400,65,0.05
4401,259,0.19
4402,61,0.04
4403,271,0.2
4404,267,0.19
4405,260,0.19
4406,1848,1.33
4407,775,0.56
4408,117,0.08
4409,316,0.23
4410,809,0.58
4411,350,0.25
4412,138,0.1
4413,45,0.03
4414,233,0.17
4415,477,0.34
4416,143,0.1
4417,87,0.06
4418,68,0.05
4419,298,0.22
4420,180,0.13
4421,30,0.02
4422,644,0.47
4423,132,0.1
4424,1152,0.83
4425,208,0.15
4426,483,0.35
4427,1633,1.18
4428,285,0.21
4429,418,0.3
4430,75,0.05
4431,47,0.03
4432,789,0.57
4433,216,0.16
4434,91,0.07
4435,49,0.04
4436,162,0.12
4437,910,0.66
4438,399,0.29
4439,237,0.17
4440,489,0.35
4441,244,0.18
4442,280,0.2
4443,1033,0.75
4444,601,0.43
4445,115,0.08
4446,6362,4.59
4447,8859,6.4
4448,4130,2.98
4449,26,0.02
4450,852,0.62
4451,97,0.07
4452,1006,0.73
4453,158,0.11
4454,181,0.13
4455,10,0.01
4456,17,0.01
4457,9,0.01
4458,197,0.14
4459,89,0.06
4460,30,0.02
4461,32,0.02
4462,301,0.22
4463,124,0.09
4464,1317,0.95
4465,1705,1.23
4466,624,0.45
4467,3377,2.44
4468,194,0.14
4469,66,0.05
4470,236,0.17
4471,432,0.31
4472,77,0.06
4473,322,0.23
4474,1337,0.97
4475,179,0.13
4476,324,0.23
4477,830,0.6
4478,1100,0.79
4479,333,0.24
4480,764,0.55
4481,72,0.05
4482,341,0.25
4483,731,0.53
4484,237,0.17
4485,278,0.2
4486,283,0.2
4487,2241,1.62
4488,1057,0.76
4489,4308,3.11
4490,141,0.1
4491,58,0.04
4492,794,0.57
4493,352,0.25
4494,267,0.19
4495,556,0.4
4496,568,0.41
4497,173,0.12
4498,930,0.67
4499,3999,2.89
4500,325,0.23
4501,413,0.3
4502,732,0.53
4503,159,0.11
4504,203,0.15
4505,155,0.11
4506,1029,0.74
4507,48,0.03
4508,1427,1.03
4509,813,0.59
4510,63,0.05
4511,170,0.12
4512,148,0.11
4513,67,0.05
4514,135,0.1
4515,429,0.31
4516,272,0.2
4517,304,0.22
4518,521,0.38
4519,1936,1.4
4520,468,0.34
4521,183,0.13
4522,154,0.11
4523,499,0.36
4524,343,0.25
4525,129,0.09
4526,968,0.7
4527,157,0.11
4528,54,0.04
4529,664,0.48
4530,55,0.04
4531,879,0.63
4532,366,0.26
4533,1081,0.78
4534,275,0.2
4535,1099,0.79
4536,53,0.04
4537,519,0.37
4538,51,0.04
4539,42,0.03
4540,120,0.09
4541,771,0.56
4542,46,0.03
4543,281,0.2
4544,1541,1.11
4545,3194,2.31
4546,1355,0.98
4547,84,0.06
4548,56,0.04
4549,38,0.03
4550,86,0.06
4551,41,0.03
4552,479,0.35
4553,1568,1.13
4554,18,0.01
4555,434,0.31
4556,52,0.04
4557,906,0.65
4558,2984,2.15
4559,344,0.25
4560,133,0.1
4561,207,0.15
4562,307,0.22
4563,848,0.61
4564,1072,0.77
4565,564,0.41
4566,268,0.19
4567,183,0.13
4568,294,0.21
4569,147,0.11
4570,296,0.21
4571,8420,6.08
4572,1145,0.83
4573,195,0.14
4574,340,0.25
4575,69,0.05
4576,66,0.05
4577,732,0.53
4578,433,0.31
4579,66,0.05
4580,525,0.38
4581,116,0.08
4582,77,0.06
4583,93,0.07
4584,244,0.18
4585,459,0.33
4586,115,0.08
4587,1500,1.08
4588,138,0.1
4589,528,0.38
4590,130,0.09
4591,544,0.39
4592,69,0.05
4593,277,0.2
4594,60,0.04
4595,296,0.21
4596,38,0.03
4597,310,0.22
4598,114,0.08
4599,585,0.42
4600,333,0.24
4601,61,0.04
4602,455,0.33
4603,418,0.3
4604,16,0.01
4605,401,0.29
4606,54,0.04
4607,82,0.06
4608,132,0.1
4609,128,0.09
4610,251,0.18
4611,138,0.1
4612,576,0.42
4613,770,0.56
4614,617,0.45
4615,199,0.14
4616,1678,1.21
4617,237,0.17
4618,596,0.43
4619,360,0.26
4620,215,0.16
4621,3513,2.54
4622,294,0.21
4623,3662,2.64
4624,827,0.6
4625,342,0.25
4626,269,0.19
4627,195,0.14
4628,627,0.45
4629,316,0.23
4630,196,0.14
4631,53,0.04
4632,180,0.13
4633,217,0.16
4634,228,0.16
4635,402,0.29
4636,608,0.44
4637,188,0.14
4638,6668,4.81
4639,3841,2.77
4640,583,0.42
4641,6035,4.36
4642,2505,1.81
4643,8524,6.15
4644,599,0.43
4645,202,0.15
4646,389,0.28
4647,29,0.02
4648,14,0.01
4649,772,0.56
4650,58,0.04
4651,59,0.04
4652,213,0.15
4653,103,0.07
4654,1158,0.84
4655,173,0.12
4656,40,0.03
4657,82,0.06
4658,335,0.24
4659,181,0.13
4660,94,0.07
4661,1081,0.78
4662,733,0.53
4663,204,0.15
4664,474,0.34
4665,282,0.2
4666,171,0.12
4667,47,0.03
4668,43,0.03
4669,136,0.1
4670,352,0.25
4671,104,0.08
4672,344,0.25
4673,1942,1.4
4674,88,0.06
4675,454,0.33
4676,791,0.57
4677,2461,1.78
4678,1872,1.35
4679,2638,1.9
4680,226,0.16
4681,2202,1.59
4682,656,0.47
4683,375,0.27
4684,58,0.04
4685,187,0.14
4686,992,0.72
4687,167,0.12
4688,551,0.4
4689,85,0.06
4690,558,0.4
4691,102,0.07
4692,342,0.25
4693,35,0.03
4694,53,0.04
4695,110,0.08
4696,414,0.3
4697,305,0.22
4698,52,0.04
4699,779,0.56
4700,2803,2.02
4701,5486,3.96
4702,56,0.04
4703,1780,1.29
4704,316,0.23
4705,886,0.64
4706,163,0.12
4707,56,0.04
4708,189,0.14
4709,562,0.41
4710,685,0.49
4711,246,0.18
4712,140,0.1
4713,1510,1.09
4714,561,0.41
4715,113,0.08
4716,88,0.06
4717,114,0.08
4718,8268,5.97
4719,1075,0.78
4720,10055,7.26
4721,435,0.31
4722,173,0.12
4723,808,0.58
4724,31,0.02
4725,970,0.7
4726,13,0.01
4727,1025,0.74
4728,3284,2.37
4729,138,0.1
4731,148,0.11
4732,835,0.6
4733,1196,0.86
4734,6178,4.46
4735,1300,0.94
4736,537,0.39
4737,173,0.12
4738,467,0.34
4739,39,0.03
4740,114,0.08
4741,955,0.69
4742,8,0.01
4743,513,0.37
4744,1830,1.32
4745,889,0.64
4746,64,0.05
4747,21,0.02
4748,1046,0.76
4749,626,0.45
4750,471,0.34
4751,77,0.06
4752,99,0.07
4753,117,0.08
4754,1583,1.14
4755,64,0.05
4756,740,0.53
4757,1277,0.92
4758,247,0.18
4759,124,0.09
4760,22,0.02
4761,129,0.09
4762,3,0.0
4763,57,0.04
4764,54,0.04
4765,497,0.36
4766,125,0.09
4767,384,0.28
4768,147,0.11
4769,234,0.17
4770,858,0.62
4771,447,0.32
4772,246,0.18
4773,177,0.13
4774,570,0.41
4775,685,0.49
4776,8087,5.84
4777,106,0.08
4778,53,0.04
4779,110,0.08
4780,135,0.1
4781,75,0.05
4782,467,0.34
4783,645,0.47
4784,755,0.55
4785,128,0.09
4786,265,0.19
4787,1372,0.99
4788,282,0.2
4789,312,0.23
4790,132,0.1
4791,71,0.05
4792,765,0.55
4793,92,0.07
4794,174,0.13
4795,627,0.45
4796,97,0.07
4797,58,0.04
4798,343,0.25
4799,1590,1.15
4800,175,0.13
4801,311,0.22
4802,671,0.48
4803,865,0.62
4804,155,0.11
4805,98,0.07
4806,187,0.14
4807,134,0.1
4808,588,0.42
4809,1146,0.83
4810,95,0.07
4811,396,0.29
4812,761,0.55
4813,334,0.24
4814,1596,1.15
4815,1205,0.87
4816,7499,5.41
4817,51,0.04
4818,48,0.03
4819,110,0.08
4820,3,0.0
4821,1169,0.84
4822,196,0.14
4823,3304,2.39
4824,115,0.08
4825,42,0.03
4826,578,0.42
4827,72,0.05
4828,82,0.06
4829,76,0.05
4830,469,0.34
4831,117,0.08
4832,57,0.04
4833,547,0.39
4834,474,0.34
4835,1172,0.85
4836,181,0.13
4837,194,0.14
4838,83,0.06
4839,59,0.04
4840,206,0.15
4841,94,0.07
4842,250,0.18
4843,10,0.01
4844,2415,1.74
4845,761,0.55
4846,1331,0.96
4847,270,0.19
4848,9307,6.72
4849,345,0.25
4850,249,0.18
4851,47,0.03
4852,201,0.15
4853,80,0.06
4854,80,0.06
4855,5712,4.12
4856,73,0.05
4857,2985,2.16
4858,49,0.04
4859,30,0.02
4860,48,0.03
4861,49,0.04
4862,505,0.36
4863,245,0.18
4864,110,0.08
4865,4409,3.18
4866,1482,1.07
4867,1493,1.08
4868,115,0.08
4869,66,0.05
4870,144,0.1
4871,239,0.17
4872,179,0.13
4873,3052,2.2
4874,6291,4.54
4875,91,0.07
4876,1824,1.32
4877,108,0.08
4878,18731,13.52
4879,89,0.06
4880,2354,1.7
4881,4219,3.05
4882,5,0.0
4883,35,0.03
4884,109,0.08
4885,490,0.35
4886,23657,17.08
4887,2320,1.68
4888,634,0.46
4889,1824,1.32
4890,4707,3.4
4891,11,0.01
4892,50,0.04
4893,206,0.15
4894,122,0.09
4895,114,0.08
4896,17239,12.45
4897,116,0.08
4898,596,0.43
4899,904,0.65
4900,267,0.19
4901,5416,3.91
4902,1378,0.99
4903,2604,1.88
4904,6,0.0
4905,14,0.01
4906,6,0.0
4907,73,0.05
4908,63,0.05
4909,315,0.23
4910,19,0.01
4911,685,0.49
4912,840,0.61
4913,42,0.03
4914,1672,1.21
4915,889,0.64
4916,506,0.37
4917,102,0.07
4918,160,0.12
4919,253,0.18
4920,471,0.34
4921,600,0.43
4922,66,0.05
4923,83,0.06
4924,45,0.03
4925,112,0.08
4926,62,0.04
4927,216,0.16
4928,640,0.46
4929,706,0.51
4930,149,0.11
4931,33,0.02
4932,638,0.46
4933,47,0.03
4934,121,0.09
4935,40,0.03
4936,1230,0.89
4937,57,0.04
4938,38,0.03
4939,533,0.38
4940,38,0.03
4941,1677,1.21
4942,85,0.06
4943,67,0.05
4944,139,0.1
4945,611,0.44
4946,93,0.07
4947,437,0.32
4948,28,0.02
4949,189,0.14
4950,190,0.14
4951,1238,0.89
4952,97,0.07
4953,82,0.06
4954,1959,1.41
4955,61,0.04
4956,670,0.48
4957,602,0.43
4958,2873,2.07
4959,158,0.11
4960,68,0.05
4961,268,0.19
4962,118,0.09
4963,23769,17.16
4964,116,0.08
4965,349,0.25
4966,585,0.42
4967,1900,1.37
4968,63,0.05
4969,763,0.55
4970,1057,0.76
4971,682,0.49
4972,164,0.12
4973,24349,17.58
4974,2449,1.77
4975,8318,6.01
4976,781,0.56
4977,241,0.17
4978,1407,1.02
4979,12513,9.04
4980,3543,2.56
4981,379,0.27
4982,87,0.06
4983,57,0.04
4984,58,0.04
4985,187,0.14
4986,80,0.06
4987,198,0.14
4988,92,0.07
4989,566,0.41
4990,1019,0.74
4991,388,0.28
4992,2883,2.08
4993,37553,27.12
4994,1895,1.37
4995,21931,15.84
4996,219,0.16
4997,79,0.06
4998,313,0.23
4999,191,0.14
5000,127,0.09
5001,217,0.16
5002,439,0.32
5003,165,0.12
5004,736,0.53
5005,152,0.11
5006,61,0.04
5007,331,0.24
5008,1620,1.17
5009,1804,1.3
5010,10192,7.36
5011,321,0.23
5012,541,0.39
5013,6182,4.46
5014,3099,2.24
5015,5062,3.66
5016,1367,0.99
5017,644,0.47
5018,41,0.03
5019,18,0.01
5020,22,0.02
5021,922,0.67
5022,224,0.16
5023,243,0.18
5024,68,0.05
5025,2267,1.64
5026,2862,2.07
5027,1227,0.89
5028,128,0.09
5029,117,0.08
5030,32,0.02
5031,34,0.02
5032,32,0.02
5033,380,0.27
5034,941,0.68
5035,116,0.08
5036,223,0.16
5037,50,0.04
5038,193,0.14
5039,921,0.67
5040,1791,1.29
5041,142,0.1
5042,84,0.06
5043,34,0.02
5044,77,0.06
5045,63,0.05
5046,624,0.45
5047,1305,0.94
5048,604,0.44
5049,3843,2.77
5050,17,0.01
5051,996,0.72
5052,29,0.02
5053,482,0.35
5054,624,0.45
5055,1866,1.35
5056,389,0.28
5057,65,0.05
5058,77,0.06
5059,329,0.24
5060,12528,9.05
5061,122,0.09
5062,408,0.29
5063,159,0.11
5064,5366,3.87
5065,2645,1.91
5066,1561,1.13
5067,12,0.01
5068,150,0.11
5069,442,0.32
5070,4,0.0
5071,130,0.09
5072,1497,1.08
5073,417,0.3
5074,882,0.64
5075,199,0.14
5076,460,0.33
5077,268,0.19
5078,140,0.1
5079,67,0.05
5080,476,0.34
5081,669,0.48
5082,23,0.02
5083,75,0.05
5084,48,0.03
5085,120,0.09
5086,68,0.05
5087,93,0.07
5088,79,0.06
5089,25,0.02
5090,165,0.12
5091,32,0.02
5092,723,0.52
5093,1537,1.11
5094,889,0.64
5095,422,0.3
5096,518,0.37
5097,83,0.06
5098,54,0.04
5099,387,0.28
5100,97,0.07
5101,292,0.21
5102,809,0.58
5103,3504,2.53
5104,50,0.04
5105,795,0.57
5106,921,0.67
5107,1078,0.78
5108,1636,1.18
5109,351,0.25
5110,2753,1.99
5111,749,0.54
5112,304,0.22
5113,80,0.06
5114,261,0.19
5115,35,0.03
5116,58,0.04
5117,231,0.17
5118,211,0.15
5119,190,0.14
5120,1340,0.97
5121,318,0.23
5122,378,0.27
5123,114,0.08
5124,45,0.03
5125,368,0.27
5126,75,0.05
5127,729,0.53
5128,1466,1.06
5129,34,0.02
5130,34,0.02
5131,131,0.09
5132,11,0.01
5133,28,0.02
5134,305,0.22
5135,2802,2.02
5136,145,0.1
5137,421,0.3
5138,10,0.01
5139,1314,0.95
5140,235,0.17
5141,227,0.16
5142,150,0.11
5143,74,0.05
5144,26,0.02
5145,148,0.11
5146,1449,1.05
5147,1646,1.19
5148,42,0.03
5149,19,0.01
5150,35,0.03
5151,2600,1.88
5152,3314,2.39
5153,87,0.06
5154,20,0.01
5155,89,0.06
5156,28,0.02
5157,68,0.05
5158,90,0.06
5159,1076,0.78
5160,52,0.04
5161,157,0.11
5162,66,0.05
5163,53,0.04
5164,127,0.09
5165,283,0.2
5166,21,0.02
5167,118,0.09
5168,228,0.16
5169,245,0.18
5170,201,0.15
5171,3459,2.5
5172,378,0.27
5173,52,0.04
5174,77,0.06
5175,45,0.03
5176,16,0.01
5177,695,0.5
5178,37,0.03
5179,134,0.1
5180,97,0.07
5181,81,0.06
5182,62,0.04
5183,43,0.03
5184,179,0.13
5185,56,0.04
5186,54,0.04
5187,305,0.22
5188,44,0.03
5189,88,0.06
5190,50,0.04
5192,103,0.07
5193,220,0.16
5194,19,0.01
5195,47,0.03
5196,51,0.04
5197,150,0.11
5198,381,0.28
5199,215,0.16
5200,52,0.04
5201,36,0.03
5202,123,0.09
5203,55,0.04
5204,39,0.03
5205,168,0.12
5206,53,0.04
5207,41,0.03
5208,78,0.06
5209,53,0.04
5210,55,0.04
5211,170,0.12
5212,147,0.11
5213,304,0.22
5214,872,0.63
5215,107,0.08
5216,52,0.04
5217,65,0.05
5218,11713,8.46
5219,4647,3.36
5220,1227,0.89
5221,138,0.1
5222,1496,1.08
5223,114,0.08
5224,143,0.1
5225,4895,3.53
5226,464,0.34
5227,99,0.07
5228,65,0.05
5229,27,0.02
5230,160,0.12
5231,215,0.16
5232,161,0.12
5233,104,0.08
5234,106,0.08
5235,148,0.11
5236,68,0.05
5237,749,0.54
5238,236,0.17
5239,47,0.03
5240,164,0.12
5241,279,0.2
5242,40,0.03
5243,112,0.08
5244,325,0.23
5245,60,0.04
5246,561,0.41
5247,1362,0.98
5248,349,0.25
5249,74,0.05
5250,618,0.45
5251,75,0.05
5252,18,0.01
5253,21,0.02
5254,4803,3.47
5255,495,0.36
5256,100,0.07
5257,5,0.0
5258,282,0.2
5259,31,0.02
5260,16,0.01
5261,5,0.0
5262,48,0.03
5263,56,0.04
5264,685,0.49
5265,1862,1.34
5266,6773,4.89
5267,2134,1.54
5268,152,0.11
5269,826,0.6
5270,22,0.02
5271,10,0.01
5272,229,0.17
5273,30,0.02
5274,39,0.03
5275,85,0.06
5276,121,0.09
5277,42,0.03
5278,54,0.04
5279,328,0.24
5280,34,0.02
5281,23,0.02
5282,782,0.56
5283,2001,1.44
5284,230,0.17
5285,56,0.04
5286,43,0.03
5287,171,0.12
5288,539,0.39
5289,120,0.09
5290,120,0.09
5291,3712,2.68
5292,2014,1.45
5293,2446,1.77
5294,2440,1.76
5295,66,0.05
5296,1325,0.96
5297,449,0.32
5298,734,0.53
5299,10190,7.36
5300,559,0.4
5301,80,0.06
5302,51,0.04
5303,1826,1.32
5304,478,0.35
5305,292,0.21
5306,61,0.04
5307,151,0.11
5308,3129,2.26
5309,1441,1.04
5310,356,0.26
5311,215,0.16
5312,1381,1.0
5313,2515,1.82
5314,108,0.08
5315,84,0.06
5316,1070,0.77
5317,40,0.03
5318,41,0.03
5319,1246,0.9
5320,4,0.0
5321,80,0.06
5322,41,0.03
5323,938,0.68
5324,621,0.45
5325,973,0.7
5326,16,0.01
5327,56,0.04
5328,66,0.05
5329,1004,0.72
5330,4,0.0
5331,70,0.05
5332,79,0.06
5333,340,0.25
5334,465,0.34
5335,180,0.13
5336,41,0.03
5337,265,0.19
5338,20,0.01
5339,996,0.72
5340,110,0.08
5341,630,0.45
5342,45,0.03
5343,149,0.11
5344,78,0.06
5345,42,0.03
5346,361,0.26
5347,124,0.09
5348,541,0.39
5349,23404,16.9
5350,52,0.04
5351,75,0.05
5352,236,0.17
5353,203,0.15
5354,180,0.13
5355,79,0.06
5356,71,0.05
5357,342,0.25
5358,178,0.13
5359,289,0.21
5360,105,0.08
5361,426,0.31
5362,76,0.05
5363,730,0.53
5364,1786,1.29
5365,89,0.06
5366,103,0.07
5367,691,0.5
5368,139,0.1
5369,74,0.05
5370,41,0.03
5371,12,0.01
5372,255,0.18
5373,218,0.16
5374,55,0.04
5375,138,0.1
5376,136,0.1
5377,9401,6.79
5378,16425,11.86
5379,767,0.55
5380,1954,1.41
5381,90,0.06
5382,592,0.43
5383,388,0.28
5384,88,0.06
5385,929,0.67
5386,45,0.03
5387,667,0.48
5388,6222,4.49
5389,768,0.55
5390,214,0.15
5391,1042,0.75
5392,259,0.19
5393,30,0.02
5394,55,0.04
5395,105,0.08
5396,89,0.06
5397,232,0.17
5398,278,0.2
5399,108,0.08
5400,3540,2.56
5401,1348,0.97
5402,10,0.01
5403,14,0.01
5404,513,0.37
5405,19,0.01
5406,91,0.07
5407,34,0.02
5408,45,0.03
5409,160,0.12
5410,781,0.56
5411,34,0.02
5412,81,0.06
5413,62,0.04
5414,831,0.6
5415,1353,0.98
5416,127,0.09
5417,646,0.47
5418,20091,14.51
5419,2216,1.6
5420,1646,1.19
5421,1016,0.73
5422,249,0.18
5423,223,0.16
5424,139,0.1
5425,170,0.12
5426,69,0.05
5427,209,0.15
5428,339,0.24
5429,55,0.04
5430,25,0.02
5431,142,0.1
5432,53,0.04
5433,417,0.3
5434,386,0.28
5435,244,0.18
5436,99,0.07
5437,358,0.26
5438,761,0.55
5439,184,0.13
5440,393,0.28
5441,30,0.02
5442,406,0.29
5443,245,0.18
5444,4614,3.33
5445,23642,17.07
5446,2322,1.68
5447,475,0.34
5448,177,0.13
5449,3184,2.3
5450,637,0.46
5451,471,0.34
5452,2156,1.56
5453,233,0.17
5454,337,0.24
5455,84,0.06
5456,197,0.14
5457,73,0.05
5458,386,0.28
5459,9753,7.04
5460,553,0.4
5461,112,0.08
5462,381,0.28
5463,2866,2.07
5464,8284,5.98
5465,121,0.09
5466,185,0.13
5467,48,0.03
5468,155,0.11
5469,57,0.04
5470,696,0.5
5471,138,0.1
5472,445,0.32
5473,67,0.05
5474,59,0.04
5475,616,0.44
5476,583,0.42
5477,866,0.63
5478,1403,1.01
5479,1540,1.11
5480,834,0.6
5481,8415,6.08
5482,190,0.14
5483,582,0.42
5484,95,0.07
5485,492,0.36
5486,129,0.09
5487,30,0.02
5488,64,0.05
5489,736,0.53
5490,95,0.07
5491,39,0.03
5492,32,0.02
5493,356,0.26
5494,44,0.03
5495,71,0.05
5496,88,0.06
5497,451,0.33
5498,446,0.32
5499,340,0.25
5500,2549,1.84
5501,717,0.52
5502,10532,7.6
5503,137,0.1
5504,1158,0.84
5505,2324,1.68
5506,992,0.72
5507,4542,3.28
5508,1411,1.02
5509,118,0.09
5510,37,0.03
5511,30,0.02
5512,56,0.04
5513,124,0.09
5514,20,0.01
5515,317,0.23
5516,306,0.22
5517,68,0.05
5518,37,0.03
5519,46,0.03
5520,28,0.02
5521,243,0.18
5522,861,0.62
5523,681,0.49
5524,1287,0.93
5525,627,0.45
5526,210,0.15
5527,609,0.44
5528,4603,3.32
5529,436,0.31
5530,1301,0.94
5531,180,0.13
5532,130,0.09
5533,7,0.01
5534,34,0.02
5535,24,0.02
5536,16,0.01
5537,35,0.03
5538,370,0.27
5539,189,0.14
5540,1604,1.16
5541,2809,2.03
5542,51,0.04
5543,170,0.12
5544,773,0.56
5545,31,0.02
5546,158,0.11
5547,15,0.01
5548,900,0.65
5549,46,0.03
5550,132,0.1
5551,35,0.03
5552,91,0.07
5553,996,0.72
5554,21,0.02
5555,267,0.19
5556,597,0.43
5557,69,0.05
5558,17,0.01
5559,55,0.04
5560,172,0.12
5561,165,0.12
5562,25,0.02
5563,614,0.44
5564,646,0.47
5565,3,0.0
5566,7,0.01
5567,43,0.03
5568,647,0.47
5569,384,0.28
5570,622,0.45
5571,14,0.01
5572,1580,1.14
5573,498,0.36
5574,3098,2.24
5575,71,0.05
5576,21,0.02
5577,2478,1.79
5579,20,0.01
5580,159,0.11
5581,219,0.16
5582,681,0.49
5583,57,0.04
5584,503,0.36
5585,477,0.34
5586,17,0.01
5587,83,0.06
5588,318,0.23
5589,314,0.23
5590,39,0.03
5591,135,0.1
5592,44,0.03
5593,90,0.06
5595,45,0.03
5596,226,0.16
5597,294,0.21
5598,199,0.14
5599,69,0.05
5600,148,0.11
5601,227,0.16
5602,1050,0.76
5603,668,0.48
5604,427,0.31
5605,191,0.14
5606,92,0.07
5607,296,0.21
5608,1963,1.42
5609,663,0.48
5610,728,0.53
5611,689,0.5
5612,345,0.25
5613,837,0.6
5614,82,0.06
5615,116,0.08
5616,6,0.0
5617,4273,3.09
5618,13466,9.72
5619,175,0.13
5620,3282,2.37
5621,1529,1.1
5622,48,0.03
5623,11,0.01
5624,36,0.03
5625,565,0.41
5626,19,0.01
5627,34,0.02
5628,579,0.42
5629,329,0.24
5630,5355,3.87
5631,21,0.02
5632,580,0.42
5633,502,0.36
5634,31,0.02
5635,194,0.14
5636,264,0.19
5637,471,0.34
5638,439,0.32
5639,113,0.08
5640,321,0.23
5641,65,0.05
5642,368,0.27
5643,354,0.26
5644,456,0.33
5645,63,0.05
5646,518,0.37
5647,223,0.16
5648,255,0.18
5649,698,0.5
5650,1589,1.15
5651,429,0.31
5652,50,0.04
5653,190,0.14
5654,14,0.01
5655,165,0.12
5656,44,0.03
5657,151,0.11
5658,44,0.03
5659,53,0.04
5660,123,0.09
5661,25,0.02
5662,108,0.08
5663,307,0.22
5664,177,0.13
5665,487,0.35
5666,1278,0.92
5667,646,0.47
5668,1022,0.74
5669,12280,8.87
5670,604,0.44
5671,23,0.02
5672,472,0.34
5673,5419,3.91
5674,26,0.02
5675,246,0.18
5676,3,0.0
5677,287,0.21
5678,563,0.41
5679,9518,6.87
5680,632,0.46
5681,46,0.03
5682,271,0.2
5683,13,0.01
5684,211,0.15
5685,737,0.53
5686,434,0.31
5687,52,0.04
5688,126,0.09
5689,290,0.21
5690,3198,2.31
5691,478,0.35
5692,236,0.17
5693,2703,1.95
5694,451,0.33
5695,36,0.03
5696,493,0.36
5697,84,0.06
5698,15,0.01
5699,90,0.06
5700,61,0.04
5701,51,0.04
5702,10,0.01
5703,76,0.05
5704,12,0.01
5705,493,0.36
5706,55,0.04
5707,646,0.47
5708,34,0.02
5709,45,0.03
5710,71,0.05
5711,17,0.01
5712,646,0.47
5713,13,0.01
5714,43,0.03
5715,66,0.05
5716,22,0.02
5717,89,0.06
5718,67,0.05
5719,29,0.02
5720,32,0.02
5721,244,0.18
5722,74,0.05
5723,232,0.17
5724,32,0.02
5725,45,0.03
5726,89,0.06
5727,20,0.01
5728,50,0.04
5729,139,0.1
5730,66,0.05
5731,180,0.13
5732,378,0.27
5733,71,0.05
5734,199,0.14
5735,275,0.2
5736,193,0.14
5737,179,0.13
5738,157,0.11
5739,174,0.13
5740,124,0.09
5741,84,0.06
5742,71,0.05
5743,188,0.14
5744,27,0.02
5745,246,0.18
5746,59,0.04
5747,1913,1.38
5748,17,0.01
5749,269,0.19
5750,18,0.01
5751,17,0.01
5752,461,0.33
5753,47,0.03
5754,130,0.09
5755,72,0.05
5756,46,0.03
5757,4,0.0
5758,13,0.01
5759,40,0.03
5760,92,0.07
5761,63,0.05
5762,56,0.04
5763,126,0.09
5764,165,0.12
5765,349,0.25
5766,17,0.01
5767,76,0.05
5768,157,0.11
5769,133,0.1
5770,71,0.05
5771,138,0.1
5772,756,0.55
5773,214,0.15
5774,44,0.03
5775,35,0.03
5776,27,0.02
5777,278,0.2
5778,37,0.03
5779,175,0.13
5780,360,0.26
5781,64,0.05
5782,4495,3.25
5783,79,0.06
5784,1321,0.95
5785,2953,2.13
5786,35,0.03
5787,428,0.31
5788,306,0.22
5789,48,0.03
5790,33,0.02
5791,2815,2.03
5792,907,0.65
5793,19,0.01
5794,96,0.07
5795,41,0.03
5796,788,0.57
5797,390,0.28
5798,48,0.03
5799,376,0.27
5800,151,0.11
5801,509,0.37
5802,164,0.12
5803,1046,0.76
5804,935,0.68
5805,2,0.0
5806,42,0.03
5807,22,0.02
5808,199,0.14
5809,793,0.57
5810,5090,3.68
5811,8,0.01
5812,2095,1.51
5813,55,0.04
5814,4,0.0
5815,181,0.13
5816,14469,10.45
5817,219,0.16
5818,289,0.21
5819,48,0.03
5820,474,0.34
5821,74,0.05
5822,62,0.04
5823,20,0.01
5824,142,0.1
5825,304,0.22
5826,368,0.27
5827,40,0.03
5828,29,0.02
5829,218,0.16
5830,182,0.13
5831,11,0.01
5832,129,0.09
5833,969,0.7
5834,48,0.03
5835,20,0.01
5836,269,0.19
5837,21,0.02
5838,103,0.07
5839,348,0.25
5840,347,0.25
5841,494,0.36
5842,74,0.05
5843,709,0.51
5844,16,0.01
5845,53,0.04
5846,66,0.05
5847,358,0.26
5848,50,0.04
5849,12,0.01
5850,26,0.02
5851,29,0.02
5852,155,0.11
5853,1003,0.72
5854,144,0.1
5855,96,0.07
5856,38,0.03
5857,52,0.04
5858,58,0.04
5859,190,0.14
5860,25,0.02
5861,22,0.02
5862,91,0.07
5863,67,0.05
5864,169,0.12
5865,25,0.02
5866,31,0.02
5867,366,0.26
5868,82,0.06
5869,129,0.09
5870,25,0.02
5871,6,0.0
5872,5253,3.79
5873,621,0.45
5874,392,0.28
5875,306,0.22
5876,1787,1.29
5877,3,0.0
5878,3398,2.45
5879,660,0.48
5880,90,0.06
5881,2822,2.04
5882,1386,1.0
5883,238,0.17
5884,69,0.05
5885,72,0.05
5886,13,0.01
5887,46,0.03
5888,182,0.13
5889,39,0.03
5890,758,0.55
5891,278,0.2
5892,33,0.02
5893,933,0.67
5894,26,0.02
5895,12,0.01
5896,188,0.14
5897,11,0.01
5898,218,0.16
5899,1004,0.72
5900,1768,1.28
5901,181,0.13
5902,9383,6.78
5903,6751,4.87
5904,7,0.01
5905,1,0.0
5906,28,0.02
5907,52,0.04
5908,39,0.03
5909,317,0.23
5910,33,0.02
5911,56,0.04
5912,42,0.03
5913,50,0.04
5914,199,0.14
5915,186,0.13
5916,108,0.08
5917,45,0.03
5918,55,0.04
5919,81,0.06
5920,18,0.01
5921,20,0.01
5922,26,0.02
5923,149,0.11
5924,75,0.05
5925,49,0.04
5926,69,0.05
5927,523,0.38
5928,87,0.06
5929,40,0.03
5930,83,0.06
5931,42,0.03
5932,274,0.2
5933,155,0.11
5934,6,0.0
5935,97,0.07
5936,148,0.11
5937,148,0.11
5938,568,0.41
5939,40,0.03
5940,421,0.3
5941,1028,0.74
5942,1014,0.73
5943,2011,1.45
5944,3233,2.33
5945,5438,3.93
5946,50,0.04
5947,222,0.16
5948,26,0.02
5949,351,0.25
5950,7,0.01
5951,236,0.17
5952,33947,24.51
5953,61,0.04
5954,4742,3.42
5955,1371,0.99
5956,7023,5.07
5957,2436,1.76
5958,299,0.22
5959,1627,1.17
5960,166,0.12
5961,294,0.21
5962,384,0.28
5963,252,0.18
5964,47,0.03
5965,371,0.27
5966,73,0.05
5967,11,0.01
5968,306,0.22
5969,658,0.48
5970,1742,1.26
5971,5489,3.96
5972,50,0.04
5973,16,0.01
5974,287,0.21
5975,155,0.11
5976,16,0.01
5977,95,0.07
5978,45,0.03
5979,55,0.04
5980,256,0.18
5981,386,0.28
5982,30,0.02
5983,182,0.13
5984,106,0.08
5985,90,0.06
5986,112,0.08
5987,66,0.05
5988,128,0.09
5989,18002,13.0
5990,219,0.16
5991,8485,6.13
5992,4017,2.9
5993,202,0.15
5994,449,0.32
5995,10515,7.59
5996,46,0.03
5997,32,0.02
5998,95,0.07
5999,447,0.32
6000,33,0.02
6001,1707,1.23
6002,314,0.23
6003,3037,2.19
6004,15,0.01
6005,591,0.43
6006,1254,0.91
6007,13,0.01
6008,228,0.16
6009,49,0.04
6010,85,0.06
6011,49,0.04
6012,418,0.3
6013,687,0.5
6014,609,0.44
6015,28,0.02
6016,12937,9.34
6017,86,0.06
6018,14,0.01
6019,49,0.04
6020,102,0.07
6021,242,0.17
6022,207,0.15
6023,495,0.36
6024,61,0.04
6025,260,0.19
6026,20,0.01
6027,494,0.36
6028,25,0.02
6029,48,0.03
6030,67,0.05
6031,307,0.22
6032,225,0.16
6033,69,0.05
6034,19,0.01
6035,163,0.12
6036,107,0.08
6037,110,0.08
6038,64,0.05
6039,419,0.3
6040,604,0.44
6041,191,0.14
6042,136,0.1
6043,23,0.02
6044,115,0.08
6045,113,0.08
6046,25,0.02
6047,112,0.08
6048,20,0.01
6049,90,0.06
6050,60,0.04
6051,244,0.18
6052,18,0.01
6053,42,0.03
6054,89,0.06
6055,51,0.04
6056,89,0.06
6057,194,0.14
6058,1765,1.27
6059,2587,1.87
6060,509,0.37
6061,20,0.01
6062,1033,0.75
6063,538,0.39
6064,162,0.12
6065,98,0.07
6066,135,0.1
6067,207,0.15
6068,32,0.02
6069,15,0.01
6070,66,0.05
6071,18,0.01
6072,61,0.04
6073,40,0.03
6074,16,0.01
6075,36,0.03
6076,55,0.04
6077,203,0.15
6078,612,0.44
6079,4,0.0
6080,26,0.02
6081,31,0.02
6082,175,0.13
6083,49,0.04
6084,94,0.07
6085,8,0.01
6086,39,0.03
6087,49,0.04
6088,37,0.03
6089,30,0.02
6090,45,0.03
6091,56,0.04
6092,142,0.1
6093,1077,0.78
6094,199,0.14
6095,24,0.02
6096,49,0.04
6097,14,0.01
6098,12,0.01
6099,70,0.05
6100,431,0.31
6101,428,0.31
6102,96,0.07
6103,27,0.02
6104,2446,1.77
6105,141,0.1
6106,9,0.01
6107,143,0.1
6108,32,0.02
6109,94,0.07
6110,19,0.01
6111,44,0.03
6112,15,0.01
6113,30,0.02
6114,80,0.06
6115,142,0.1
6116,158,0.11
6117,17,0.01
6118,97,0.07
6119,85,0.06
6120,109,0.08
6121,77,0.06
6122,556,0.4
6123,205,0.15
6124,140,0.1
6125,298,0.22
6126,152,0.11
6127,110,0.08
6128,76,0.05
6129,42,0.03
6130,38,0.03
6131,41,0.03
6132,73,0.05
6133,33,0.02
6134,74,0.05
6135,67,0.05
6136,27,0.02
6137,23,0.02
6138,18,0.01
6139,55,0.04
6140,227,0.16
6141,149,0.11
6142,19,0.01
6143,315,0.23
6144,70,0.05
6145,26,0.02
6146,16,0.01
6147,57,0.04
6148,106,0.08
6149,18,0.01
6150,20,0.01
6151,35,0.03
6152,87,0.06
6153,280,0.2
6154,119,0.09
6155,3546,2.56
6156,2561,1.85
6157,4896,3.54
6158,252,0.18
6159,386,0.28
6160,74,0.05
6161,43,0.03
6162,274,0.2
6163,467,0.34
6164,17,0.01
6165,4,0.0
6166,1153,0.83
6167,12,0.01
6168,93,0.07
6169,116,0.08
6170,915,0.66
6171,10,0.01
6172,32,0.02
6173,101,0.07
6174,47,0.03
6175,11,0.01
6176,111,0.08
6177,71,0.05
6178,235,0.17
6179,56,0.04
6180,105,0.08
6181,150,0.11
6182,83,0.06
6183,802,0.58
6184,1204,0.87
6185,431,0.31
6186,327,0.24
6187,1997,1.44
6188,5488,3.96
6189,2,0.0
6190,83,0.06
6191,26,0.02
6192,144,0.1
6193,326,0.24
6194,41,0.03
6195,148,0.11
6196,521,0.38
6197,1030,0.74
6198,70,0.05
6199,10,0.01
6200,73,0.05
6201,258,0.19
6202,129,0.09
6203,181,0.13
6204,204,0.15
6205,43,0.03
6206,51,0.04
6207,49,0.04
6208,90,0.06
6209,4,0.0
6210,98,0.07
6211,102,0.07
6212,1079,0.78
6213,1462,1.06
6214,1252,0.9
6215,593,0.43
6216,674,0.49
6217,147,0.11
6218,7308,5.28
6219,601,0.43
6220,493,0.36
6221,58,0.04
6222,252,0.18
6223,649,0.47
6224,12,0.01
6225,73,0.05
6226,126,0.09
6227,18,0.01
6228,218,0.16
6229,160,0.12
6230,315,0.23
6231,121,0.09
6232,334,0.24
6233,215,0.16
6234,156,0.11
6235,909,0.66
6236,59,0.04
6237,315,0.23
6238,1260,0.91
6239,675,0.49
6240,113,0.08
6241,154,0.11
6242,2561,1.85
6243,362,0.26
6244,337,0.24
6245,162,0.12
6246,23,0.02
6247,184,0.13
6248,50,0.04
6249,341,0.25
6250,1572,1.14
6251,185,0.13
6252,544,0.39
6253,2,0.0
6254,590,0.43
6255,65,0.05
6256,29,0.02
6257,101,0.07
6258,70,0.05
6259,91,0.07
6260,162,0.12
6261,83,0.06
6262,31,0.02
6263,981,0.71
6264,1676,1.21
6265,474,0.34
6266,902,0.65
6267,89,0.06
6268,452,0.33
6269,349,0.25
6270,675,0.49
6271,493,0.36
6272,49,0.04
6273,390,0.28
6274,21,0.02
6275,18,0.01
6276,44,0.03
6277,36,0.03
6278,20,0.01
6279,427,0.31
6280,479,0.35
6281,5101,3.68
6282,8,0.01
6283,2682,1.94
6284,39,0.03
6285,108,0.08
6286,1274,0.92
6287,4157,3.0
6288,493,0.36
6289,150,0.11
6290,870,0.63
6291,982,0.71
6292,20,0.01
6293,101,0.07
6294,1554,1.12
6295,75,0.05
6296,3058,2.21
6297,2354,1.7
6298,401,0.29
6299,1291,0.93
6300,275,0.2
6301,1074,0.78
6302,33,0.02
6303,1820,1.31
6304,153,0.11
6305,1586,1.15
6306,284,0.21
6307,39,0.03
6308,468,0.34
6309,21,0.02
6310,28,0.02
6311,126,0.09
6312,78,0.06
6313,77,0.06
6314,190,0.14
6315,367,0.26
6316,502,0.36
6317,17,0.01
6318,132,0.1
6319,281,0.2
6320,195,0.14
6321,58,0.04
6322,1042,0.75
6323,4874,3.52
6324,89,0.06
6325,219,0.16
6326,107,0.08
6327,258,0.19
6328,42,0.03
6329,177,0.13
6330,120,0.09
6331,2888,2.09
6332,517,0.37
6333,15573,11.24
6334,172,0.12
6335,354,0.26
6336,29,0.02
6337,529,0.38
6338,968,0.7
6339,427,0.31
6340,8,0.01
6341,397,0.29
6342,48,0.03
6343,17,0.01
6344,452,0.33
6345,483,0.35
6346,112,0.08
6347,79,0.06
6348,181,0.13
6349,174,0.13
6350,3537,2.55
6351,130,0.09
6352,122,0.09
6353,26,0.02
6354,49,0.04
6355,49,0.04
6356,376,0.27
6357,450,0.32
6358,339,0.24
6365,17003,12.28
6366,92,0.07
6367,1693,1.22
6368,243,0.18
6369,24,0.02
6370,1126,0.81
6371,325,0.23
6373,9159,6.61
6374,447,0.32
6375,216,0.16
6376,77,0.06
6377,23569,17.02
6378,9574,6.91
6379,762,0.55
6380,1768,1.28
6381,9,0.01
6382,155,0.11
6383,3706,2.68
6384,41,0.03
6385,3589,2.59
6386,90,0.06
6387,230,0.17
6388,42,0.03
6390,100,0.07
6391,50,0.04
6392,256,0.18
6393,5,0.0
6394,183,0.13
6395,131,0.09
6396,96,0.07
6397,13,0.01
6398,86,0.06
6400,157,0.11
6401,163,0.12
6402,21,0.02
6403,137,0.1
6404,85,0.06
6405,375,0.27
6406,61,0.04
6407,72,0.05
6408,63,0.05
6409,102,0.07
6410,218,0.16
6411,29,0.02
6412,320,0.23
6413,313,0.23
6414,58,0.04
6415,36,0.03
6416,166,0.12
6417,41,0.03
6419,160,0.12
6420,10,0.01
6421,34,0.02
6422,268,0.19
6423,142,0.1
6424,380,0.27
6425,361,0.26
6426,86,0.06
6427,128,0.09
6428,666,0.48
6429,258,0.19
6430,163,0.12
6431,40,0.03
6432,75,0.05
6433,436,0.31
6434,49,0.04
6435,32,0.02
6436,752,0.54
6437,78,0.06
6438,42,0.03
6439,40,0.03
6440,3591,2.59
6441,290,0.21
6442,437,0.32
6443,25,0.02
6445,52,0.04
6446,117,0.08
6447,39,0.03
6448,626,0.45
6449,50,0.04
6450,192,0.14
6451,114,0.08
6452,238,0.17
6453,96,0.07
6454,203,0.15
6455,130,0.09
6456,25,0.02
6457,229,0.17
6458,145,0.1
6459,138,0.1
6460,478,0.35
6461,1183,0.85
6462,62,0.04
6463,48,0.03
6464,445,0.32
6465,33,0.02
6466,424,0.31
6467,110,0.08
6468,107,0.08
6469,83,0.06
6470,140,0.1
6471,48,0.03
6472,32,0.02
6473,73,0.05
6474,43,0.03
6475,164,0.12
6476,183,0.13
6477,179,0.13
6478,257,0.19
6479,39,0.03
6480,250,0.18
6481,200,0.14
6482,1428,1.03
6483,426,0.31
6484,694,0.5
6485,275,0.2
6486,89,0.06
6487,50,0.04
6488,145,0.1
6489,6,0.0
6490,16,0.01
6491,4,0.0
6492,39,0.03
6493,587,0.42
6494,13,0.01
6495,58,0.04
6496,7,0.01
6497,58,0.04
6498,102,0.07
6499,36,0.03
6500,85,0.06
6501,3,0.0
6502,12170,8.79
6503,4112,2.97
6504,5,0.0
6505,69,0.05
6506,222,0.16
6507,12,0.01
6508,133,0.1
6509,311,0.22
6510,87,0.06
6511,34,0.02
6512,48,0.03
6513,66,0.05
6514,9,0.01
6515,61,0.04
6516,256,0.18
6517,370,0.27
6518,180,0.13
6519,191,0.14
6520,51,0.04
6521,114,0.08
6522,67,0.05
6523,336,0.24
6524,134,0.1
6525,204,0.15
6526,112,0.08
6527,109,0.08
6528,120,0.09
6529,15,0.01
6530,576,0.42
6531,164,0.12
6532,32,0.02
6533,630,0.45
6534,4844,3.5
6535,2021,1.46
6536,594,0.43
6537,8479,6.12
6538,1401,1.01
6539,25257,18.24
6540,37,0.03
6541,4670,3.37
6542,455,0.33
6543,21,0.02
6544,79,0.06
6545,291,0.21
6546,31,0.02
6547,235,0.17
6548,2891,2.09
6549,250,0.18
6550,1869,1.35
6551,56,0.04
6552,2275,1.64
6553,17,0.01
6554,95,0.07
6555,32,0.02
6556,24,0.02
6557,61,0.04
6558,555,0.4
6559,403,0.29
6560,89,0.06
6561,532,0.38
6562,103,0.07
6563,76,0.05
6564,2820,2.04
6565,4787,3.46
6566,749,0.54
6567,660,0.48
6568,267,0.19
6569,47,0.03
6570,35,0.03
6571,184,0.13
6572,69,0.05
6573,112,0.08
6574,115,0.08
6575,64,0.05
6576,59,0.04
6577,148,0.11
6578,58,0.04
6579,358,0.26
6580,12,0.01
6581,248,0.18
6582,516,0.37
6583,158,0.11
6584,498,0.36
6585,47,0.03
6586,2395,1.73
6587,701,0.51
6588,60,0.04
6589,6,0.0
6590,12,0.01
6591,1019,0.74
6592,312,0.23
6593,2514,1.82
6594,9,0.01
6595,2564,1.85
6596,422,0.3
6597,142,0.1
6598,326,0.24
6599,95,0.07
6600,52,0.04
6601,82,0.06
6602,111,0.08
6603,50,0.04
6604,34,0.02
6605,34,0.02
6606,3,0.0
6607,17,0.01
6608,10,0.01
6609,182,0.13
6610,83,0.06
6611,375,0.27
6612,372,0.27
6613,110,0.08
6614,370,0.27
6615,1479,1.07
6616,101,0.07
6617,1328,0.96
6618,2365,1.71
6619,558,0.4
6620,3678,2.66
6621,12,0.01
6622,14,0.01
6623,42,0.03
6624,858,0.62
6625,225,0.16
6626,40,0.03
6627,17,0.01
6628,139,0.1
6629,333,0.24
6630,166,0.12
6631,99,0.07
6632,16,0.01
6633,10,0.01
6634,11,0.01
6635,62,0.04
6636,893,0.64
6637,36,0.03
6638,417,0.3
6639,1152,0.83
6640,15,0.01
6641,131,0.09
6642,149,0.11
6643,621,0.45
6644,79,0.06
6645,1152,0.83
6646,189,0.14
6647,37,0.03
6648,52,0.04
6649,69,0.05
6650,871,0.63
6651,58,0.04
6652,151,0.11
6653,123,0.09
6654,15,0.01
6655,27,0.02
6656,40,0.03
6657,90,0.06
6658,761,0.55
6659,3201,2.31
6660,442,0.32
6661,10,0.01
6662,2524,1.82
6663,1349,0.97
6664,1658,1.2
6665,189,0.14
6666,896,0.65
6667,317,0.23
6668,344,0.25
6669,1118,0.81
6670,92,0.07
6671,191,0.14
6672,208,0.15
6673,37,0.03
6674,8,0.01
6675,8,0.01
6676,86,0.06
6677,8,0.01
6678,407,0.29
6679,189,0.14
6680,88,0.06
6681,53,0.04
6682,72,0.05
6683,120,0.09
6684,202,0.15
6685,48,0.03
6686,485,0.35
6687,357,0.26
6688,39,0.03
6689,97,0.07
6690,87,0.06
6691,12,0.01
6692,79,0.06
6693,6,0.0
6694,11,0.01
6695,669,0.48
6696,143,0.1
6697,5,0.0
6698,9,0.01
6699,80,0.06
6700,66,0.05
6701,77,0.06
6702,354,0.26
6703,323,0.23
6704,45,0.03
6705,290,0.21
6706,30,0.02
6707,1082,0.78
6708,4936,3.56
6709,3117,2.25
6710,309,0.22
6711,15739,11.36
6712,10,0.01
6713,493,0.36
6714,123,0.09
6715,17,0.01
6716,35,0.03
6717,46,0.03
6718,182,0.13
6719,41,0.03
6720,245,0.18
6721,919,0.66
6722,378,0.27
6723,175,0.13
6724,1270,0.92
6725,303,0.22
6726,16,0.01
6727,159,0.11
6728,40,0.03
6729,49,0.04
6730,198,0.14
6731,1173,0.85
6732,433,0.31
6733,23,0.02
6734,457,0.33
6735,240,0.17
6736,59,0.04
6737,26,0.02
6738,11,0.01
6739,28,0.02
6740,68,0.05
6741,66,0.05
6742,26,0.02
6743,884,0.64
6744,400,0.29
6745,57,0.04
6746,69,0.05
6747,116,0.08
6748,326,0.24
6749,139,0.1
6750,447,0.32
6751,354,0.26
6752,103,0.07
6753,2112,1.52
6754,4200,3.03
6755,1949,1.41
6756,126,0.09
6757,105,0.08
6758,2,0.0
6759,45,0.03
6760,88,0.06
6761,79,0.06
6762,98,0.07
6763,707,0.51
6764,1421,1.03
6765,1444,1.04
6766,4,0.0
6767,6,0.0
6768,353,0.25
6769,131,0.09
6770,589,0.43
6771,95,0.07
6772,386,0.28
6773,3330,2.4
6774,1724,1.24
6775,82,0.06
6776,676,0.49
6777,853,0.62
6778,18,0.01
6779,326,0.24
6780,498,0.36
6781,81,0.06
6782,264,0.19
6783,750,0.54
6784,197,0.14
6785,847,0.61
6786,788,0.57
6787,4390,3.17
6788,95,0.07
6789,281,0.2
6790,566,0.41
6791,1178,0.85
6792,87,0.06
6793,1383,1.0
6794,925,0.67
6795,90,0.06
6796,3830,2.77
6797,589,0.43
6798,292,0.21
6799,17,0.01
6800,675,0.49
6801,84,0.06
6802,111,0.08
6803,336,0.24
6804,66,0.05
6805,132,0.1
6806,112,0.08
6807,8665,6.26
6808,1233,0.89
6809,209,0.15
6810,1160,0.84
6811,569,0.41
6812,400,0.29
6813,180,0.13
6814,113,0.08
6815,183,0.13
6816,313,0.23
6817,156,0.11
6818,413,0.3
6819,34,0.02
6820,824,0.59
6821,55,0.04
6822,49,0.04
6823,43,0.03
6824,42,0.03
6825,68,0.05
6826,107,0.08
6827,339,0.24
6828,76,0.05
6829,107,0.08
6830,30,0.02
6831,11,0.01
6832,919,0.66
6833,12,0.01
6834,46,0.03
6835,36,0.03
6836,23,0.02
6837,102,0.07
6838,3,0.0
6839,93,0.07
6840,141,0.1
6841,66,0.05
6842,42,0.03
6843,24,0.02
6844,104,0.08
6845,28,0.02
6846,25,0.02
6847,9,0.01
6848,81,0.06
6849,219,0.16
6850,484,0.35
6851,221,0.16
6852,916,0.66
6853,31,0.02
6854,88,0.06
6855,41,0.03
6856,494,0.36
6857,1790,1.29
6858,506,0.37
6859,160,0.12
6860,84,0.06
6861,31,0.02
6862,695,0.5
6863,9071,6.55
6864,163,0.12
6865,17,0.01
6866,28,0.02
6867,3325,2.4
6868,479,0.35
6869,333,0.24
6870,8467,6.11
6871,76,0.05
6872,447,0.32
6873,2438,1.76
6874,21746,15.7
6875,74,0.05
6876,51,0.04
6877,27,0.02
6878,12,0.01
6879,2935,2.12
6880,1324,0.96
6881,1286,0.93
6882,306,0.22
6883,230,0.17
6884,359,0.26
6885,467,0.34
6886,226,0.16
6887,851,0.61
6888,2521,1.82
6889,982,0.71
6890,1753,1.27
6891,18,0.01
6892,161,0.12
6893,2194,1.58
6894,31,0.02
6895,66,0.05
6896,220,0.16
6897,45,0.03
6898,292,0.21
6899,71,0.05
6900,156,0.11
6901,16,0.01
6902,602,0.43
6903,44,0.03
6905,43,0.03
6906,53,0.04
6907,20,0.01
6908,26,0.02
6909,438,0.32
6910,150,0.11
6911,43,0.03
6912,30,0.02
6913,23,0.02
6914,26,0.02
6915,10,0.01
6916,21,0.02
6917,17,0.01
6918,338,0.24
6919,22,0.02
6920,370,0.27
6921,60,0.04
6923,70,0.05
6924,56,0.04
6925,50,0.04
6926,45,0.03
6927,533,0.38
6928,60,0.04
6929,3,0.0
6930,22,0.02
6931,27,0.02
6932,1170,0.84
6933,7,0.01
6934,12282,8.87
6935,243,0.18
6936,4495,3.25
6937,21,0.02
6938,38,0.03
6939,116,0.08
6940,52,0.04
6941,3,0.0
6942,8716,6.29
6943,3,0.0
6944,2628,1.9
6945,231,0.17
6946,426,0.31
6947,6704,4.84
6948,141,0.1
6949,90,0.06
6950,654,0.47
6951,881,0.64
6952,1935,1.4
6953,6027,4.35
6954,1201,0.87
6955,20,0.01
6956,22,0.02
6957,3714,2.68
6958,590,0.43
6959,890,0.64
6960,14,0.01
6961,142,0.1
6962,15,0.01
6963,412,0.3
6964,61,0.04
6965,57,0.04
6966,1284,0.93
6967,166,0.12
6968,37,0.03
6969,103,0.07
6970,500,0.36
6971,383,0.28
6972,24,0.02
6973,163,0.12
6974,869,0.63
6975,802,0.58
6976,160,0.12
6977,507,0.37
6978,594,0.43
6979,4771,3.44
6980,103,0.07
6981,154,0.11
6982,185,0.13
6983,239,0.17
6984,229,0.17
6985,753,0.54
6986,738,0.53
6987,1380,1.0
6988,147,0.11
6989,562,0.41
6990,372,0.27
6991,485,0.35
6992,448,0.32
6993,2191,1.58
6994,189,0.14
6995,202,0.15
6996,1206,0.87
6997,399,0.29
6998,149,0.11
6999,357,0.26
7000,1083,0.78
7001,1506,1.09
7002,74,0.05
7003,312,0.23
7004,3383,2.44
7005,563,0.41
7006,86,0.06
7007,1335,0.96
7008,818,0.59
7009,587,0.42
7010,286,0.21
7011,178,0.13
7012,233,0.17
7013,1425,1.03
7014,155,0.11
7015,169,0.12
7016,391,0.28
7017,826,0.6
7018,1155,0.83
7019,271,0.2
7020,354,0.26
7021,119,0.09
7022,4733,3.42
7023,860,0.62
7024,351,0.25
7025,406,0.29
7026,439,0.32
7027,1322,0.95
7028,661,0.48
7029,198,0.14
7030,349,0.25
7031,136,0.1
7032,123,0.09
7033,561,0.41
7034,1747,1.26
7035,175,0.13
7036,1091,0.79
7037,197,0.14
7038,184,0.13
7039,309,0.22
7040,618,0.45
7041,149,0.11
7042,452,0.33
7043,306,0.22
7044,1537,1.11
7045,931,0.67
7046,1911,1.38
7047,157,0.11
7048,413,0.3
7049,86,0.06
7050,118,0.09
7051,195,0.14
7052,37,0.03
7053,46,0.03
7054,210,0.15
7055,306,0.22
7056,462,0.33
7057,123,0.09
7058,247,0.18
7059,309,0.22
7060,850,0.61
7061,224,0.16
7062,596,0.43
7063,1301,0.94
7064,961,0.69
7065,363,0.26
7066,73,0.05
7067,298,0.22
7068,299,0.22
7069,287,0.21
7070,539,0.39
7071,308,0.22
7072,852,0.62
7073,1079,0.78
7074,208,0.15
7075,702,0.51
7076,1677,1.21
7077,46,0.03
7078,219,0.16
7079,401,0.29
7080,301,0.22
7081,64,0.05
7082,284,0.21
7083,65,0.05
7084,972,0.7
7085,170,0.12
7086,293,0.21
7087,436,0.31
7088,422,0.3
7089,655,0.47
7090,7267,5.25
7091,887,0.64
7092,145,0.1
7093,151,0.11
7094,71,0.05
7095,203,0.15
7096,274,0.2
7097,42,0.03
7098,9,0.01
7099,3334,2.41
7100,23,0.02
7101,1004,0.72
7102,729,0.53
7103,73,0.05
7104,681,0.49
7105,8,0.01
7106,36,0.03
7107,478,0.35
7108,84,0.06
7109,60,0.04
7110,27,0.02
7111,84,0.06
7112,46,0.03
7113,23,0.02
7114,215,0.16
7115,410,0.3
7116,1052,0.76
7117,419,0.3
7118,261,0.19
7119,153,0.11
7120,24,0.02
7121,997,0.72
7122,333,0.24
7123,1401,1.01
7124,258,0.19
7125,69,0.05
7126,166,0.12
7127,64,0.05
7128,165,0.12
7129,20,0.01
7130,86,0.06
7131,53,0.04
7132,1544,1.11
7133,57,0.04
7134,149,0.11
7135,468,0.34
7136,212,0.15
7137,1582,1.14
7138,20,0.01
7139,2399,1.73
7140,5,0.0
7141,86,0.06
7142,392,0.28
7143,10464,7.56
7144,6,0.0
7145,4,0.0
7146,17,0.01
7147,12719,9.18
7148,71,0.05
7149,2836,2.05
7150,1051,0.76
7151,1942,1.4
7152,77,0.06
7153,31577,22.8
7154,1988,1.44
7155,1265,0.91
7156,2589,1.87
7157,192,0.14
7158,2237,1.62
7159,16,0.01
7160,3550,2.56
7161,1446,1.04
7162,3491,2.52
7163,2477,1.79
7164,1218,0.88
7165,252,0.18
7166,17,0.01
7167,173,0.12
7168,59,0.04
7169,407,0.29
7170,40,0.03
7171,264,0.19
7172,70,0.05
7173,2768,2.0
7174,59,0.04
7175,301,0.22
7176,60,0.04
7177,308,0.22
7178,568,0.41
7179,182,0.13
7180,29,0.02
7181,92,0.07
7182,37,0.03
7183,54,0.04
7184,35,0.03
7185,72,0.05
7186,51,0.04
7187,29,0.02
7188,46,0.03
7189,80,0.06
7190,117,0.08
7191,79,0.06
7192,45,0.03
7193,602,0.43
7194,61,0.04
7195,63,0.05
7196,41,0.03
7197,49,0.04
7198,179,0.13
7199,221,0.16
7200,39,0.03
7201,70,0.05
7202,147,0.11
7203,49,0.04
7204,44,0.03
7205,176,0.13
7206,475,0.34
7207,99,0.07
7208,244,0.18
7209,522,0.38
7210,427,0.31
7211,131,0.09
7212,295,0.21
7213,43,0.03
7214,23,0.02
7215,892,0.64
7216,469,0.34
7217,337,0.24
7218,460,0.33
7219,140,0.1
7220,89,0.06
7221,63,0.05
7222,277,0.2
7223,350,0.25
7224,57,0.04
7225,312,0.23
7226,57,0.04
7227,190,0.14
7228,701,0.51
7229,67,0.05
7230,47,0.03
7231,32,0.02
7232,46,0.03
7233,4,0.0
7234,905,0.65
7235,1007,0.73
7236,464,0.34
7237,63,0.05
7238,252,0.18
7239,89,0.06
7240,41,0.03
7241,160,0.12
7242,12,0.01
7243,187,0.14
7244,60,0.04
7245,16,0.01
7246,14,0.01
7247,1427,1.03
7248,42,0.03
7249,84,0.06
7250,239,0.17
7251,49,0.04
7252,70,0.05
7253,62,0.04
7254,8764,6.33
7255,686,0.5
7256,2123,1.53
7257,358,0.26
7258,372,0.27
7259,283,0.2
7260,218,0.16
7261,292,0.21
7262,103,0.07
7263,1983,1.43
7264,33,0.02
7265,1101,0.79
7266,144,0.1
7267,42,0.03
7268,22,0.02
7269,28,0.02
7270,54,0.04
7271,11,0.01
7272,130,0.09
7273,16,0.01
7274,42,0.03
7275,61,0.04
7276,43,0.03
7277,13,0.01
7278,34,0.02
7279,18,0.01
7280,111,0.08
7281,61,0.04
7282,29,0.02
7283,128,0.09
7284,124,0.09
7285,1935,1.4
7286,144,0.1
7287,49,0.04
7288,38,0.03
7289,50,0.04
7290,27,0.02
7291,21,0.02
7292,118,0.09
7293,6093,4.4
7294,450,0.32
7295,35,0.03
7296,6,0.0
7297,291,0.21
7298,11,0.01
7299,346,0.25
7300,347,0.25
7301,174,0.13
7302,167,0.12
7303,701,0.51
7304,160,0.12
7305,295,0.21
7306,97,0.07
7307,221,0.16
7308,290,0.21
7309,46,0.03
7310,307,0.22
7311,504,0.36
7312,53,0.04
7313,121,0.09
7314,70,0.05
7315,139,0.1
7316,437,0.32
7317,1899,1.37
7318,3130,2.26
7319,423,0.31
7320,431,0.31
7321,291,0.21
7322,10,0.01
7323,4281,3.09
7324,1575,1.14
7325,3424,2.47
7326,132,0.1
7327,1098,0.79
7328,120,0.09
7329,24,0.02
7330,20,0.01
7331,51,0.04
7332,35,0.03
7333,183,0.13
7334,246,0.18
7335,264,0.19
7336,51,0.04
7337,23,0.02
7338,175,0.13
7339,12,0.01
7340,298,0.22
7341,61,0.04
7342,47,0.03
7343,37,0.03
7344,13,0.01
7345,343,0.25
7346,2142,1.55
7347,2536,1.83
7348,903,0.65
7349,126,0.09
7350,7,0.01
7351,40,0.03
7352,325,0.23
7353,126,0.09
7354,395,0.29
7355,172,0.12
7356,14,0.01
7357,90,0.06
7358,45,0.03
7359,71,0.05
7360,4129,2.98
7361,22352,16.14
7362,866,0.63
7363,6,0.0
7364,410,0.3
7365,235,0.17
7366,1205,0.87
7367,2082,1.5
7368,43,0.03
7369,723,0.52
7370,15,0.01
7371,2800,2.02
7372,234,0.17
7373,5546,4.0
7374,283,0.2
7375,542,0.39
7376,767,0.55
7377,377,0.27
7378,86,0.06
7379,449,0.32
7380,941,0.68
7381,896,0.65
7382,415,0.3
7383,140,0.1
7384,70,0.05
7385,56,0.04
7386,1784,1.29
7387,2980,2.15
7388,69,0.05
7389,186,0.13
7390,35,0.03
7391,102,0.07
7392,40,0.03
7393,35,0.03
7394,224,0.16
7395,427,0.31
7396,497,0.36
7397,22,0.02
7398,28,0.02
7399,45,0.03
7400,14,0.01
7401,17,0.01
7402,69,0.05
7403,35,0.03
7404,9,0.01
7405,81,0.06
7406,65,0.05
7407,37,0.03
7408,49,0.04
7409,4,0.0
7410,160,0.12
7411,30,0.02
7412,11,0.01
7413,23,0.02
7414,91,0.07
7415,93,0.07
7416,206,0.15
7417,83,0.06
7418,49,0.04
7419,1342,0.97
7420,60,0.04
7422,5,0.0
7423,8,0.01
7437,192,0.14
7438,18684,13.49
7439,1461,1.05
7440,166,0.12
7441,7,0.01
7442,199,0.14
7443,17,0.01
7444,3330,2.4
7445,4874,3.52
7446,25,0.02
7447,6,0.0
7448,519,0.37
7449,446,0.32
7450,458,0.33
7451,4517,3.26
7452,3,0.0
7453,229,0.17
7454,3712,2.68
7455,33,0.02
7456,122,0.09
7457,60,0.04
7458,6087,4.4
7459,295,0.21
7460,1340,0.97
7461,30,0.02
7471,2,0.0
7474,86,0.06
7475,61,0.04
7477,46,0.03
7478,398,0.29
7479,48,0.03
7480,90,0.06
7481,1058,0.76
7482,2821,2.04
7483,12,0.01
7484,519,0.37
7485,149,0.11
7486,366,0.26
7487,269,0.19
7488,47,0.03
7489,222,0.16
7490,50,0.04
7491,55,0.04
7492,125,0.09
7493,394,0.28
7502,4305,3.11
7505,334,0.24
7521,32,0.02
7523,83,0.06
7528,9,0.01
7537,3,0.0
7541,362,0.26
7560,873,0.63
7561,101,0.07
7562,204,0.15
7563,41,0.03
7564,290,0.21
7565,25,0.02
7566,756,0.55
7567,5,0.0
7568,3,0.0
7569,2172,1.57
7570,1436,1.04
7571,50,0.04
7572,526,0.38
7573,913,0.66
7574,74,0.05
7577,177,0.13
7578,86,0.06
7579,537,0.39
7580,122,0.09
7581,173,0.12
7582,24,0.02
7583,33,0.02
7584,395,0.29
7585,117,0.08
7586,146,0.11
7587,645,0.47
7613,102,0.07
7614,614,0.44
7615,101,0.07
7616,322,0.23
7617,226,0.16
7618,872,0.63
7619,691,0.5
7620,209,0.15
7621,22,0.02
7622,8,0.01
7623,11,0.01
7624,583,0.42
7625,44,0.03
7626,127,0.09
7627,17,0.01
7636,201,0.15
7637,128,0.09
7638,50,0.04
7639,8,0.01
7644,9,0.01
7645,24,0.02
7646,314,0.23
7647,305,0.22
7648,18,0.01
7649,1043,0.75
7650,115,0.08
7657,77,0.06
7669,1734,1.25
7675,80,0.06
7697,65,0.05
7698,982,0.71
7699,15,0.01
7700,712,0.51
7701,1533,1.11
7702,191,0.14
7703,44,0.03
7704,211,0.15
7705,264,0.19
7706,922,0.67
7707,191,0.14
7708,432,0.31
7713,330,0.24
7714,306,0.22
7716,134,0.1
7719,37,0.03
7720,572,0.41
7723,44,0.03
7724,65,0.05
7725,249,0.18
7726,10,0.01
7727,79,0.06
7728,616,0.44
7730,118,0.09
7738,9,0.01
7739,43,0.03
7742,103,0.07
7743,446,0.32
7745,285,0.21
7748,346,0.25
7749,228,0.16
7750,5,0.0
7751,14,0.01
7752,11,0.01
7753,101,0.07
7754,4,0.0
7756,264,0.19
7757,772,0.56
7758,42,0.03
7759,219,0.16
7761,50,0.04
7762,548,0.4
7763,105,0.08
7764,57,0.04
7765,7,0.01
7766,1061,0.77
7767,425,0.31
7768,25,0.02
7769,40,0.03
7770,87,0.06
7771,422,0.3
7772,20,0.01
7773,475,0.34
7774,45,0.03
7775,41,0.03
7778,7,0.01
7781,398,0.29
7782,319,0.23
7783,9,0.01
7784,84,0.06
7785,67,0.05
7786,190,0.14
7787,105,0.08
7789,120,0.09
7790,177,0.13
7791,311,0.22
7792,440,0.32
7802,1226,0.89
7808,11,0.01
7809,306,0.22
7810,562,0.41
7811,420,0.3
7812,440,0.32
7813,26,0.02
7814,34,0.02
7815,191,0.14
7816,3,0.0
7817,432,0.31
7818,64,0.05
7820,477,0.34
7821,39,0.03
7822,57,0.04
7823,2,0.0
7824,17,0.01
7825,5,0.0
7826,313,0.23
7827,832,0.6
7828,16,0.01
7831,336,0.24
7832,216,0.16
7833,278,0.2
7834,490,0.35
7835,169,0.12
7836,1017,0.73
7837,40,0.03
7838,6,0.0
7839,45,0.03
7840,407,0.29
7841,829,0.6
7842,1608,1.16
7843,110,0.08
7844,346,0.25
7845,473,0.34
7846,306,0.22
7847,102,0.07
7850,8,0.01
7872,18,0.01
7878,43,0.03
7879,202,0.15
7880,30,0.02
7881,120,0.09
7882,39,0.03
7883,202,0.15
7884,112,0.08
7885,54,0.04
7886,46,0.03
7887,23,0.02
7888,279,0.2
7889,276,0.2
7890,46,0.03
7891,218,0.16
7892,94,0.07
7893,45,0.03
7894,339,0.24
7895,251,0.18
7896,209,0.15
7897,143,0.1
7898,60,0.04
7899,153,0.11
7900,35,0.03
7901,28,0.02
7912,35,0.03
7913,28,0.02
7914,64,0.05
7915,214,0.15
7916,91,0.07
7917,46,0.03
7918,160,0.12
7919,145,0.1
7920,148,0.11
7921,36,0.03
7922,40,0.03
7923,98,0.07
7924,411,0.3
7925,982,0.71
7926,601,0.43
7928,29,0.02
7930,221,0.16
7931,12,0.01
7932,445,0.32
7933,213,0.15
7934,1203,0.87
7935,50,0.04
7936,159,0.11
7937,306,0.22
7938,318,0.23
7939,350,0.25
7940,164,0.12
7941,326,0.24
7942,155,0.11
7943,469,0.34
7944,233,0.17
7945,17,0.01
7946,54,0.04
7947,73,0.05
7948,62,0.04
7949,75,0.05
7950,9,0.01
7951,210,0.15
7952,19,0.01
7953,25,0.02
7954,46,0.03
7958,30,0.02
7959,70,0.05
7976,269,0.19
7979,271,0.2
7980,1112,0.8
7981,1888,1.36
7982,620,0.45
7983,676,0.49
7984,242,0.17
7985,12,0.01
7986,99,0.07
7987,68,0.05
7988,127,0.09
7989,27,0.02
7990,244,0.18
7991,545,0.39
7992,27,0.02
7993,84,0.06
7994,24,0.02
7995,36,0.03
8003,46,0.03
8004,52,0.04
8007,60,0.04
8008,394,0.28
8009,30,0.02
8010,468,0.34
8011,432,0.31
8012,551,0.4
8013,72,0.05
8014,1643,1.19
8015,227,0.16
8016,507,0.37
8017,144,0.1
8019,594,0.43
8024,91,0.07
8025,69,0.05
8033,591,0.43
8035,83,0.06
8037,12,0.01
8038,3,0.0
8039,456,0.33
8040,101,0.07
8041,12,0.01
8042,1431,1.03
8043,73,0.05
8044,284,0.21
8045,411,0.3
8055,18,0.01
8056,96,0.07
8057,67,0.05
8062,110,0.08
8063,61,0.04
8068,21,0.02
8069,25,0.02
8070,26,0.02
8092,71,0.05
8093,132,0.1
8094,539,0.39
8095,6,0.0
8117,311,0.22
8118,83,0.06
8119,222,0.16
8120,20,0.01
8121,227,0.16
8122,14,0.01
8123,78,0.06
8124,34,0.02
8125,461,0.33
8126,154,0.11
8127,58,0.04
8128,742,0.54
8129,87,0.06
8130,133,0.1
8131,622,0.45
8132,3595,2.6
8133,79,0.06
8134,184,0.13
8136,33,0.02
8137,41,0.03
8138,58,0.04
8139,24,0.02
8140,54,0.04
8141,25,0.02
8142,140,0.1
8143,82,0.06
8147,531,0.38
8148,12,0.01
8149,36,0.03
8153,126,0.09
8154,1268,0.92
8157,553,0.4
8158,452,0.33
8167,467,0.34
8168,47,0.03
8169,1730,1.25
8183,660,0.48
8187,45,0.03
8188,206,0.15
8189,79,0.06
8190,137,0.1
8191,293,0.21
8194,79,0.06
8195,432,0.31
8196,195,0.14
8197,451,0.33
8198,64,0.05
8199,350,0.25
8201,100,0.07
8202,45,0.03
8203,22,0.02
8206,63,0.05
8207,1735,1.25
8208,95,0.07
8220,19,0.01
8221,153,0.11
8222,97,0.07
8224,14,0.01
8225,554,0.4
8227,87,0.06
8228,2606,1.88
8232,64,0.05
8235,319,0.23
8236,39,0.03
8237,7,0.01
8238,47,0.03
8239,344,0.25
8240,29,0.02
8241,62,0.04
8252,27,0.02
8253,880,0.64
8254,516,0.37
8255,32,0.02
8256,113,0.08
8257,74,0.05
8258,81,0.06
8259,85,0.06
8260,85,0.06
8261,315,0.23
8262,14,0.01
8263,60,0.04
8264,250,0.18
8265,65,0.05
8266,523,0.38
8267,16,0.01
8268,412,0.3
8269,38,0.03
8270,233,0.17
8272,58,0.04
8273,160,0.12
8275,108,0.08
8290,76,0.05
8291,222,0.16
8292,58,0.04
8293,28,0.02
8294,34,0.02
8295,164,0.12
8302,92,0.07
8327,374,0.27
8329,15,0.01
8330,153,0.11
8331,131,0.09
8332,105,0.08
8334,214,0.15
8335,73,0.05
8336,97,0.07
8337,1025,0.74
8338,366,0.26
8339,10,0.01
8340,2431,1.76
8341,512,0.37
8359,2,0.0
8360,14564,10.52
8361,5980,4.32
8362,522,0.38
8363,312,0.23
8364,313,0.23
8365,117,0.08
8366,2338,1.69
8367,108,0.08
8368,13157,9.5
8369,618,0.45
8370,1692,1.22
8371,3370,2.43
8372,1080,0.78
8373,1821,1.31
8374,40,0.03
8375,83,0.06
8376,6502,4.69
8377,71,0.05
8378,155,0.11
8379,253,0.18
8380,54,0.04
8381,40,0.03
8382,80,0.06
8383,111,0.08
8384,29,0.02
8385,146,0.11
8387,927,0.67
8388,34,0.02
8391,65,0.05
8392,36,0.03
8393,38,0.03
8394,4,0.0
8395,91,0.07
8397,36,0.03
8398,20,0.01
8399,18,0.01
8400,83,0.06
8401,279,0.2
8402,33,0.02
8403,29,0.02
8404,355,0.26
8405,241,0.17
8407,46,0.03
8410,97,0.07
8411,6,0.0
8420,14,0.01
8421,37,0.03
8422,45,0.03
8423,51,0.04
8424,26,0.02
8425,60,0.04
8426,126,0.09
8427,38,0.03
8444,13,0.01
8446,194,0.14
8447,157,0.11
8448,15,0.01
8450,16,0.01
8451,277,0.2
8452,20,0.01
8453,38,0.03
8454,40,0.03
8455,16,0.01
8456,92,0.07
8457,5,0.0
8458,16,0.01
8459,246,0.18
8460,124,0.09
8461,5,0.0
8462,45,0.03
8463,67,0.05
8464,8375,6.05
8465,12,0.01
8469,10,0.01
8477,759,0.55
8478,33,0.02
8480,26,0.02
8481,90,0.06
8482,355,0.26
8483,32,0.02
8484,93,0.07
8485,162,0.12
8486,64,0.05
8487,134,0.1
8488,46,0.03
8491,636,0.46
8492,749,0.54
8493,1389,1.0
8494,198,0.14
8495,177,0.13
8496,154,0.11
8499,154,0.11
8500,5,0.0
8501,714,0.52
8502,124,0.09
8503,76,0.05
8504,80,0.06
8505,66,0.05
8506,48,0.03
8507,1238,0.89
8511,105,0.08
8512,304,0.22
8516,297,0.21
8518,44,0.03
8519,13,0.01
8520,189,0.14
8521,246,0.18
8522,82,0.06
8524,52,0.04
8525,74,0.05
8526,910,0.66
8527,187,0.14
8528,5403,3.9
8529,5264,3.8
8530,862,0.62
8531,1177,0.85
8532,439,0.32
8533,3968,2.87
8534,144,0.1
8535,322,0.23
8536,5,0.0
8537,112,0.08
8540,58,0.04
8541,9,0.01
8542,873,0.63
8543,62,0.04
8544,28,0.02
8545,4,0.0
8571,171,0.12
8572,43,0.03
8573,185,0.13
8574,199,0.14
8575,190,0.14
8576,479,0.35
8577,52,0.04
8578,211,0.15
8579,46,0.03
8580,456,0.33
8581,1004,0.72
8582,474,0.34
8583,43,0.03
8584,123,0.09
8585,78,0.06
8586,21,0.02
8587,63,0.05
8588,132,0.1
8589,581,0.42
8591,434,0.31
8592,10,0.01
8593,110,0.08
8594,8,0.01
8595,67,0.05
8596,1060,0.77
8597,16,0.01
8598,89,0.06
8599,17,0.01
8600,452,0.33
8601,145,0.1
8602,120,0.09
8603,17,0.01
8604,828,0.6
8605,289,0.21
8606,17,0.01
8607,705,0.51
8608,91,0.07
8609,202,0.15
8610,932,0.67
8611,66,0.05
8612,114,0.08
8613,25,0.02
8614,778,0.56
8615,45,0.03
8616,60,0.04
8617,91,0.07
8618,197,0.14
8619,36,0.03
8620,434,0.31
8621,15,0.01
8622,8179,5.91
8623,2335,1.69
8624,15,0.01
8625,23,0.02
8626,49,0.04
8627,4,0.0
8628,15,0.01
8629,58,0.04
8630,14,0.01
8631,79,0.06
8632,15,0.01
8633,1444,1.04
8634,119,0.09
8635,28,0.02
8636,15712,11.34
8637,13,0.01
8638,3449,2.49
8639,249,0.18
8640,1971,1.42
8641,5258,3.8
8642,98,0.07
8643,648,0.47
8644,9666,6.98
8645,2218,1.6
8646,7,0.01
8647,17,0.01
8648,21,0.02
8649,48,0.03
8650,139,0.1
8651,153,0.11
8652,16,0.01
8653,20,0.01
8654,33,0.02
8655,52,0.04
8656,486,0.35
8657,62,0.04
8658,57,0.04
8659,25,0.02
8660,36,0.03
8661,211,0.15
8662,88,0.06
8663,54,0.04
8664,30,0.02
8665,13435,9.7
8666,1425,1.03
8667,299,0.22
8668,8,0.01
8669,48,0.03
8670,243,0.18
8671,26,0.02
8672,15,0.01
8673,8,0.01
8674,65,0.05
8675,165,0.12
8676,84,0.06
8677,53,0.04
8678,54,0.04
8679,9,0.01
8680,59,0.04
8681,41,0.03
8682,15,0.01
8683,45,0.03
8684,294,0.21
8685,25,0.02
8686,30,0.02
8687,37,0.03
8688,28,0.02
8689,98,0.07
8690,644,0.47
8691,11,0.01
8692,49,0.04
8693,21,0.02
8694,35,0.03
8695,195,0.14
8696,36,0.03
8697,16,0.01
8698,61,0.04
8699,5,0.0
8700,87,0.06
8701,98,0.07
8702,41,0.03
8703,27,0.02
8704,14,0.01
8705,27,0.02
8706,12,0.01
8707,3,0.0
8708,3,0.0
8709,68,0.05
8710,139,0.1
8711,401,0.29
8712,322,0.23
8713,158,0.11
8714,46,0.03
8715,22,0.02
8716,32,0.02
8717,10,0.01
8718,124,0.09
8719,21,0.02
8720,172,0.12
8721,31,0.02
8722,59,0.04
8723,12,0.01
8724,239,0.17
8725,98,0.07
8726,131,0.09
8727,87,0.06
8728,28,0.02
8729,32,0.02
8730,135,0.1
8731,282,0.2
8732,105,0.08
8733,60,0.04
8734,24,0.02
8735,24,0.02
8736,26,0.02
8737,4,0.0
8738,200,0.14
8739,162,0.12
8740,104,0.08
8741,15,0.01
8742,20,0.01
8743,45,0.03
8744,35,0.03
8745,46,0.03
8746,54,0.04
8747,46,0.03
8748,46,0.03
8749,62,0.04
8750,16,0.01
8751,210,0.15
8752,140,0.1
8753,111,0.08
8754,377,0.27
8755,80,0.06
8756,25,0.02
8757,39,0.03
8758,41,0.03
8759,19,0.01
8760,52,0.04
8761,77,0.06
8762,43,0.03
8763,15,0.01
8764,6,0.0
8765,228,0.16
8766,34,0.02
8767,162,0.12
8768,115,0.08
8769,51,0.04
8770,32,0.02
8771,37,0.03
8772,467,0.34
8773,127,0.09
8774,48,0.03
8775,37,0.03
8776,15,0.01
8777,27,0.02
8778,71,0.05
8779,115,0.08
8780,51,0.04
8781,2539,1.83
8782,240,0.17
8783,4581,3.31
8784,9454,6.83
8785,132,0.1
8786,119,0.09
8787,69,0.05
8788,35,0.03
8789,29,0.02
8790,21,0.02
8791,20,0.01
8792,28,0.02
8793,48,0.03
8794,31,0.02
8795,160,0.12
8796,422,0.3
8797,179,0.13
8798,7895,5.7
8799,302,0.22
8800,501,0.36
8801,48,0.03
8802,8,0.01
8803,34,0.02
8804,34,0.02
8805,111,0.08
8806,6,0.0
8807,3535,2.55
8808,906,0.65
8809,325,0.23
8810,3755,2.71
8811,236,0.17
8812,18,0.01
8813,264,0.19
8814,681,0.49
8815,576,0.42
8816,33,0.02
8817,16,0.01
8818,47,0.03
8819,27,0.02
8820,30,0.02
8821,39,0.03
8822,49,0.04
8823,53,0.04
8824,14,0.01
8825,33,0.02
8826,57,0.04
8827,1178,0.85
8828,32,0.02
8829,36,0.03
8830,574,0.41
8831,327,0.24
8832,129,0.09
8833,582,0.42
8834,36,0.03
8835,189,0.14
8836,524,0.38
8837,21,0.02
8838,559,0.4
8839,94,0.07
8840,82,0.06
8841,102,0.07
8842,12,0.01
8843,33,0.02
8844,107,0.08
8845,23,0.02
8846,67,0.05
8847,49,0.04
8848,215,0.16
8849,64,0.05
8850,88,0.06
8851,68,0.05
8852,60,0.04
8853,16,0.01
8854,76,0.05
8855,108,0.08
8856,28,0.02
8857,19,0.01
8858,25,0.02
8859,209,0.15
8860,1306,0.94
8861,2520,1.82
8862,233,0.17
8863,2,0.0
8864,310,0.22
8865,3111,2.25
8866,1212,0.88
8867,54,0.04
8868,108,0.08
8869,320,0.23
8870,1207,0.87
8871,66,0.05
8872,186,0.13
8873,3968,2.87
8874,11651,8.41
8875,97,0.07
8876,15,0.01
8877,8,0.01
8878,28,0.02
8879,1078,0.78
8880,1399,1.01
8881,45,0.03
8882,118,0.09
8883,16,0.01
8884,349,0.25
8885,76,0.05
8886,75,0.05
8887,29,0.02
8888,2,0.0
8889,37,0.03
8890,19,0.01
8891,40,0.03
8892,45,0.03
8893,69,0.05
8894,203,0.15
8895,27,0.02
8896,44,0.03
8897,18,0.01
8898,53,0.04
8899,102,0.07
8900,53,0.04
8901,22,0.02
8902,40,0.03
8903,81,0.06
8904,13,0.01
8905,395,0.29
8906,409,0.3
8907,1857,1.34
8908,799,0.58
8909,3,0.0
8910,3505,2.53
8911,205,0.15
8912,572,0.41
8913,58,0.04
8914,2643,1.91
8915,284,0.21
8916,784,0.57
8917,4568,3.3
8918,222,0.16
8919,211,0.15
8920,112,0.08
8921,67,0.05
8922,63,0.05
8923,253,0.18
8924,68,0.05
8925,13,0.01
8926,25,0.02
8927,111,0.08
8928,371,0.27
8929,96,0.07
8930,299,0.22
8931,126,0.09
8932,87,0.06
8933,218,0.16
8934,171,0.12
8935,56,0.04
8936,19,0.01
8937,1345,0.97
8938,186,0.13
8939,599,0.43
8940,7,0.01
8941,77,0.06
8942,6,0.0
8943,421,0.3
8944,13,0.01
8945,4,0.0
8946,214,0.15
8947,1827,1.32
8948,1085,0.78
8949,7532,5.44
8950,5326,3.85
8951,779,0.56
8952,24,0.02
8953,9,0.01
8954,33,0.02
8955,197,0.14
8956,133,0.1
8957,5499,3.97
8958,4040,2.92
8959,470,0.34
8960,19,0.01
8961,19890,14.36
8962,28,0.02
8963,99,0.07
8964,44,0.03
8965,1544,1.11
8966,1843,1.33
8967,304,0.22
8968,797,0.58
8969,2106,1.52
8970,6686,4.83
8971,55,0.04
8972,4741,3.42
8973,1534,1.11
8974,816,0.59
8975,5,0.0
8976,10,0.01
8977,1745,1.26
8978,386,0.28
8979,61,0.04
8980,56,0.04
8981,3593,2.59
8982,214,0.15
8983,4119,2.97
8984,5868,4.24
8985,2120,1.53
8986,79,0.06
8987,101,0.07
8988,76,0.05
8989,194,0.14
8990,34,0.02
8991,53,0.04
8992,32,0.02
8993,35,0.03
8994,61,0.04
8995,28,0.02
8996,36,0.03
8997,25,0.02
8998,359,0.26
8999,185,0.13
9000,102,0.07
9001,51,0.04
9002,62,0.04
9003,32,0.02
9004,369,0.27
9005,310,0.22
9006,6,0.0
9007,16,0.01
9008,45,0.03
9009,7,0.01
9010,676,0.49
9011,72,0.05
9012,8,0.01
9013,62,0.04
9014,45,0.03
9015,26,0.02
9016,13,0.01
9017,24,0.02
9018,723,0.52
9019,21,0.02
25735,8,0.01
25736,27,0.02
25737,52,0.04
25738,66,0.05
25739,10,0.01
25741,41,0.03
25742,20,0.01
25743,7,0.01
25744,75,0.05
25745,2,0.0
25746,71,0.05
25747,5,0.0
25748,13,0.01
25749,5,0.0
25750,404,0.29
25751,26,0.02
25752,109,0.08
25753,188,0.14
25755,184,0.13
25757,97,0.07
25759,45,0.03
25760,1,0.0
25762,64,0.05
25763,174,0.13
25764,165,0.12
25765,24,0.02
25766,89,0.06
25767,13,0.01
25768,3,0.0
25769,288,0.21
25770,8,0.01
25771,640,0.46
25773,200,0.14
25774,162,0.12
25775,15,0.01
25777,380,0.27
25778,20,0.01
25782,54,0.04
25783,13,0.01
25785,18,0.01
25786,39,0.03
25787,3,0.0
25788,754,0.54
25789,52,0.04
25792,45,0.03
25793,156,0.11
25794,6,0.0
25795,135,0.1
25796,7,0.01
25797,77,0.06
25798,44,0.03
25800,19,0.01
25801,40,0.03
25802,46,0.03
25803,8,0.01
25804,8,0.01
25805,261,0.19
25806,8,0.01
25807,47,0.03
25808,18,0.01
25809,3,0.0
25810,17,0.01
25811,16,0.01
25812,42,0.03
25814,5,0.0
25816,1,0.0
25818,46,0.03
25819,25,0.02
25820,24,0.02
25822,24,0.02
25824,16,0.01
25825,161,0.12
25826,172,0.12
25827,396,0.29
25828,205,0.15
25829,7,0.01
25830,38,0.03
25831,16,0.01
25832,10,0.01
25833,108,0.08
25834,142,0.1
25835,89,0.06
25837,7,0.01
25839,113,0.08
25840,60,0.04
25841,150,0.11
25842,68,0.05
25843,2,0.0
25846,11,0.01
25850,428,0.31
25851,4,0.0
25852,80,0.06
25854,15,0.01
25855,190,0.14
25856,294,0.21
25858,13,0.01
25859,25,0.02
25860,11,0.01
25861,15,0.01
25864,8,0.01
25865,169,0.12
25866,147,0.11
25868,200,0.14
25869,23,0.02
25870,135,0.1
25871,2,0.0
25872,4,0.0
25874,22,0.02
25875,11,0.01
25878,25,0.02
25879,18,0.01
25881,13,0.01
25882,8,0.01
25884,5,0.0
25885,8,0.01
25886,151,0.11
25887,5,0.0
25888,35,0.03
25890,8,0.01
25891,207,0.15
25892,1,0.0
25893,74,0.05
25894,9,0.01
25897,2,0.0
25898,154,0.11
25899,48,0.03
25900,64,0.05
25901,115,0.08
25902,12,0.01
25903,22,0.02
25904,90,0.06
25905,82,0.06
25906,49,0.04
25907,6,0.0
25908,40,0.03
25910,3,0.0
25911,123,0.09
25912,9,0.01
25913,29,0.02
25914,61,0.04
25915,8,0.01
25916,97,0.07
25918,91,0.07
25919,7,0.01
25920,43,0.03
25921,7,0.01
25922,10,0.01
25923,434,0.31
25924,41,0.03
25926,23,0.02
25927,250,0.18
25928,2,0.0
25929,106,0.08
25930,104,0.08
25931,31,0.02
25932,6,0.0
25934,55,0.04
25935,1,0.0
25936,5,0.0
25937,195,0.14
25938,190,0.14
25940,406,0.29
25941,78,0.06
25942,16,0.01
25943,112,0.08
25944,25,0.02
25945,92,0.07
25946,61,0.04
25947,126,0.09
25948,11,0.01
25950,24,0.02
25951,38,0.03
25952,154,0.11
25954,201,0.15
25956,6,0.0
25957,1,0.0
25959,48,0.03
25960,31,0.02
25961,99,0.07
25962,92,0.07
25963,167,0.12
25964,17,0.01
25965,16,0.01
25966,12,0.01
25970,4,0.0
25971,184,0.13
25972,33,0.02
25974,15,0.01
25975,34,0.02
25976,15,0.01
25977,76,0.05
25979,3,0.0
25980,13,0.01
25984,7,0.01
25986,20,0.01
25987,14,0.01
25989,9,0.01
25990,13,0.01
25991,8,0.01
25993,99,0.07
25994,15,0.01
25995,150,0.11
25996,169,0.12
25998,22,0.02
25999,215,0.16
26000,6,0.0
26001,9,0.01
26002,86,0.06
26003,302,0.22
26005,92,0.07
26006,10,0.01
26007,336,0.24
26008,4,0.0
26009,39,0.03
26010,46,0.03
26012,97,0.07
26013,17,0.01
26016,2,0.0
26019,9,0.01
26021,40,0.03
26022,11,0.01
26025,56,0.04
26026,1,0.0
26027,8,0.01
26028,2,0.0
26030,6,0.0
26033,8,0.01
26034,13,0.01
26035,2,0.0
26038,64,0.05
26042,3,0.0
26043,60,0.04
26044,5,0.0
26046,1,0.0
26047,7,0.01
26048,57,0.04
26049,33,0.02
26050,1,0.0
26051,56,0.04
26052,241,0.17
26055,144,0.1
26056,20,0.01
26058,1,0.0
26059,28,0.02
26062,15,0.01
26063,4,0.0
26064,200,0.14
26066,5,0.0
26067,13,0.01
26068,23,0.02
26070,19,0.01
26072,14,0.01
26073,51,0.04
26074,9,0.01
26076,6,0.0
26078,183,0.13
26079,17,0.01
26080,25,0.02
26082,384,0.28
26083,84,0.06
26084,737,0.53
26085,309,0.22
26086,18,0.01
26088,1,0.0
26090,31,0.02
26093,13,0.01
26094,228,0.16
26095,16,0.01
26096,29,0.02
26098,8,0.01
26099,4,0.0
26100,10,0.01
26101,190,0.14
26104,13,0.01
26106,13,0.01
26107,17,0.01
26108,3,0.0
26109,17,0.01
26110,17,0.01
26111,374,0.27
26112,18,0.01
26113,59,0.04
26116,191,0.14
26117,70,0.05
26119,91,0.07
26122,198,0.14
26123,49,0.04
26124,88,0.06
26125,12,0.01
26127,4,0.0
26128,37,0.03
26130,2,0.0
26131,1238,0.89
26133,985,0.71
26134,80,0.06
26136,17,0.01
26137,6,0.0
26138,65,0.05
26139,85,0.06
26140,6,0.0
26141,30,0.02
26142,28,0.02
26144,39,0.03
26146,7,0.01
26147,71,0.05
26148,179,0.13
26150,579,0.42
26151,252,0.18
26152,783,0.57
26153,30,0.02
26155,70,0.05
26156,5,0.0
26157,55,0.04
26158,158,0.11
26159,71,0.05
26160,28,0.02
26162,2,0.0
26163,244,0.18
26164,31,0.02
26167,10,0.01
26169,62,0.04
26170,77,0.06
26171,265,0.19
26172,356,0.26
26174,43,0.03
26175,11,0.01
26176,42,0.03
26177,8,0.01
26178,139,0.1
26180,13,0.01
26181,105,0.08
26183,39,0.03
26184,15,0.01
26185,20,0.01
26187,66,0.05
26188,41,0.03
26189,37,0.03
26191,16,0.01
26194,4,0.0
26195,25,0.02
26197,13,0.01
26198,171,0.12
26199,133,0.1
26203,243,0.18
26204,20,0.01
26205,26,0.02
26206,5,0.0
26207,13,0.01
26208,126,0.09
26209,3,0.0
26210,10,0.01
26211,20,0.01
26213,16,0.01
26214,3,0.0
26215,7,0.01
26216,2,0.0
26219,34,0.02
26220,12,0.01
26221,5,0.0
26222,93,0.07
26223,1,0.0
26225,72,0.05
26226,45,0.03
26227,3,0.0
26228,49,0.04
26229,8,0.01
26230,78,0.06
26231,132,0.1
26232,2,0.0
26235,5,0.0
26236,12,0.01
26237,82,0.06
26240,144,0.1
26241,102,0.07
26242,992,0.72
26243,2,0.0
26245,33,0.02
26246,158,0.11
26247,12,0.01
26248,29,0.02
26249,162,0.12
26251,29,0.02
26252,45,0.03
26253,29,0.02
26254,1,0.0
26255,4,0.0
26256,43,0.03
26257,35,0.03
26258,340,0.25
26259,25,0.02
26263,1,0.0
26265,41,0.03
26266,4,0.0
26267,1,0.0
26268,50,0.04
26269,126,0.09
26270,96,0.07
26271,94,0.07
26274,7,0.01
26277,38,0.03
26280,71,0.05
26282,18,0.01
26283,155,0.11
26285,400,0.29
26287,1,0.0
26288,25,0.02
26289,48,0.03
26290,5,0.0
26291,5,0.0
26294,250,0.18
26295,6,0.0
26297,10,0.01
26299,51,0.04
26301,48,0.03
26302,146,0.11
26303,161,0.12
26304,2,0.0
26306,95,0.07
26307,10,0.01
26308,7,0.01
26309,16,0.01
26312,8,0.01
26313,134,0.1
26314,23,0.02
26315,6,0.0
26316,3,0.0
26317,69,0.05
26318,130,0.09
26320,28,0.02
26321,18,0.01
26322,137,0.1
26323,30,0.02
26324,79,0.06
26325,74,0.05
26326,309,0.22
26327,15,0.01
26333,19,0.01
26334,30,0.02
26336,80,0.06
26337,2,0.0
26338,15,0.01
26339,21,0.02
26340,55,0.04
26341,23,0.02
26342,57,0.04
26343,11,0.01
26344,69,0.05
26345,39,0.03
26346,29,0.02
26347,79,0.06
26349,209,0.15
26350,313,0.23
26353,2,0.0
26354,6,0.0
26356,26,0.02
26357,14,0.01
26359,236,0.17
26360,67,0.05
26362,3,0.0
26364,19,0.01
26365,51,0.04
26366,161,0.12
26368,8,0.01
26369,7,0.01
26370,9,0.01
26371,82,0.06
26372,9,0.01
26375,534,0.39
26377,5,0.0
26378,30,0.02
26379,69,0.05
26380,32,0.02
26383,54,0.04
26386,361,0.26
26387,11,0.01
26388,43,0.03
26389,2,0.0
26391,141,0.1
26392,11,0.01
26393,76,0.05
26394,109,0.08
26395,104,0.08
26397,1,0.0
26398,316,0.23
26399,55,0.04
26400,160,0.12
26401,5,0.0
26402,2,0.0
26403,266,0.19
26404,15,0.01
26409,12,0.01
26410,7,0.01
26411,16,0.01
26413,103,0.07
26414,72,0.05
26416,11,0.01
26417,8,0.01
26418,11,0.01
26422,418,0.3
26424,7,0.01
26425,329,0.24
26429,7,0.01
26430,18,0.01
26431,48,0.03
26432,15,0.01
26433,6,0.0
26435,11,0.01
26436,3,0.0
26438,6,0.0
26444,282,0.2
26446,2,0.0
26448,48,0.03
26450,2,0.0
26452,8,0.01
26453,53,0.04
26459,3,0.0
26462,330,0.24
26463,66,0.05
26464,162,0.12
26465,64,0.05
26467,120,0.09
26468,18,0.01
26470,13,0.01
26471,472,0.34
26472,170,0.12
26475,8,0.01
26476,216,0.16
26479,135,0.1
26480,4,0.0
26481,17,0.01
26483,26,0.02
26484,5,0.0
26485,363,0.26
26486,8,0.01
26487,86,0.06
26488,123,0.09
26489,5,0.0
26490,22,0.02
26491,144,0.1
26492,421,0.3
26493,46,0.03
26494,42,0.03
26495,109,0.08
26496,5,0.0
26497,67,0.05
26498,12,0.01
26501,39,0.03
26502,166,0.12
26504,152,0.11
26505,20,0.01
26507,4,0.0
26509,89,0.06
26510,7,0.01
26512,34,0.02
26513,239,0.17
26514,20,0.01
26515,1,0.0
26519,4,0.0
26520,12,0.01
26521,71,0.05
26523,42,0.03
26524,250,0.18
26526,3,0.0
26527,135,0.1
26528,477,0.34
26529,21,0.02
26530,3,0.0
26532,4,0.0
26536,2,0.0
26538,17,0.01
26539,53,0.04
26540,37,0.03
26542,10,0.01
26544,25,0.02
26546,7,0.01
26547,321,0.23
26550,63,0.05
26551,3,0.0
26553,18,0.01
26554,372,0.27
26555,726,0.52
26558,84,0.06
26559,14,0.01
26560,85,0.06
26561,97,0.07
26562,120,0.09
26564,182,0.13
26565,36,0.03
26566,31,0.02
26567,72,0.05
26569,9,0.01
26571,8,0.01
26574,14,0.01
26577,47,0.03
26578,200,0.14
26581,20,0.01
26582,18,0.01
26585,283,0.2
26587,402,0.29
26589,6,0.0
26590,8,0.01
26593,18,0.01
26596,31,0.02
26597,2,0.0
26599,167,0.12
26600,2,0.0
26602,29,0.02
26603,240,0.17
26606,266,0.19
26608,8,0.01
26610,2,0.0
26611,12,0.01
26612,59,0.04
26613,8,0.01
26614,3252,2.35
26615,4,0.0
26616,74,0.05
26617,18,0.01
26622,31,0.02
26628,4,0.0
26629,262,0.19
26630,71,0.05
26631,117,0.08
26634,5,0.0
26638,12,0.01
26643,17,0.01
26644,25,0.02
26645,5,0.0
26647,8,0.01
26649,380,0.27
26655,5,0.0
26662,2474,1.79
26663,139,0.1
26664,6,0.0
26670,1,0.0
26672,8,0.01
26674,40,0.03
26675,13,0.01
26676,46,0.03
26677,11,0.01
26680,821,0.59
26681,106,0.08
26682,18,0.01
26684,30,0.02
26685,1,0.0
26686,234,0.17
26688,211,0.15
26689,21,0.02
26690,8,0.01
26691,52,0.04
26693,432,0.31
26694,211,0.15
26695,93,0.07
26696,141,0.1
26698,48,0.03
26699,58,0.04
26700,147,0.11
26701,94,0.07
26702,52,0.04
26703,18,0.01
26704,269,0.19
26707,7,0.01
26708,1,0.0
26710,38,0.03
26712,335,0.24
26713,256,0.18
26714,12,0.01
26717,49,0.04
26718,1,0.0
26719,13,0.01
26720,14,0.01
26723,2,0.0
26724,3,0.0
26726,119,0.09
26728,36,0.03
26729,918,0.66
26730,7,0.01
26731,67,0.05
26732,39,0.03
26734,57,0.04
26736,86,0.06
26737,17,0.01
26738,2,0.0
26741,52,0.04
26743,75,0.05
26744,65,0.05
26745,175,0.13
26746,100,0.07
26749,47,0.03
26750,257,0.19
26751,10,0.01
26752,7,0.01
26754,2,0.0
26755,24,0.02
26756,13,0.01
26757,14,0.01
26758,127,0.09
26759,1,0.0
26760,95,0.07
26761,12,0.01
26762,28,0.02
26763,1,0.0
26764,26,0.02
26765,9,0.01
26766,4,0.0
26767,4,0.0
26769,2,0.0
26770,107,0.08
26774,43,0.03
26775,32,0.02
26776,1804,1.3
26777,11,0.01
26778,77,0.06
26782,126,0.09
26784,10,0.01
26788,130,0.09
26791,71,0.05
26792,83,0.06
26793,5,0.0
26796,86,0.06
26797,47,0.03
26801,3,0.0
26802,8,0.01
26803,45,0.03
26804,9,0.01
26806,21,0.02
26809,12,0.01
26810,187,0.14
26811,38,0.03
26812,90,0.06
26813,10,0.01
26814,4,0.0
26815,1,0.0
26818,2,0.0
26819,280,0.2
26822,12,0.01
26825,3,0.0
26826,5,0.0
26827,7,0.01
26828,106,0.08
26831,18,0.01
26834,47,0.03
26835,6,0.0
26838,208,0.15
26840,432,0.31
26841,71,0.05
26842,89,0.06
26843,13,0.01
26849,67,0.05
26850,66,0.05
26851,10,0.01
26853,1,0.0
26854,8,0.01
26856,8,0.01
26858,4,0.0
26860,1,0.0
26861,31,0.02
26863,1,0.0
26865,603,0.44
26868,5,0.0
26869,14,0.01
26870,381,0.28
26871,64,0.05
26873,16,0.01
26874,3,0.0
26875,76,0.05
26880,1,0.0
26886,14,0.01
26887,252,0.18
26889,3,0.0
26898,15,0.01
26900,17,0.01
26901,47,0.03
26903,458,0.33
26908,20,0.01
26911,1,0.0
26913,64,0.05
26914,55,0.04
26915,83,0.06
26925,124,0.09
26928,17,0.01
26933,6,0.0
26934,70,0.05
26937,23,0.02
26938,16,0.01
26939,290,0.21
26940,50,0.04
26941,12,0.01
26944,3,0.0
26945,2,0.0
26946,4,0.0
26947,217,0.16
26948,13,0.01
26949,41,0.03
26950,19,0.01
26954,14,0.01
26958,19,0.01
26962,3,0.0
26964,3,0.0
26965,197,0.14
26966,30,0.02
26968,2,0.0
26969,3,0.0
26970,11,0.01
26973,52,0.04
26974,318,0.23
26975,9,0.01
26976,18,0.01
26978,4,0.0
26980,2,0.0
26981,7,0.01
26982,32,0.02
26985,59,0.04
26989,42,0.03
26990,12,0.01
26991,2,0.0
26992,5,0.0
26994,10,0.01
26996,37,0.03
26998,20,0.01
26999,142,0.1
27001,5,0.0
27002,330,0.24
27003,95,0.07
27004,14,0.01
27005,188,0.14
27006,87,0.06
27008,18,0.01
27009,37,0.03
27015,1,0.0
27016,9,0.01
27018,13,0.01
27020,416,0.3
27022,134,0.1
27027,14,0.01
27031,11,0.01
27032,146,0.11
27033,184,0.13
27036,166,0.12
27040,30,0.02
27044,43,0.03
27046,34,0.02
27049,18,0.01
27050,16,0.01
27064,29,0.02
27067,47,0.03
27070,5,0.0
27073,135,0.1
27074,8,0.01
27075,224,0.16
27077,1,0.0
27078,5,0.0
27081,6,0.0
27087,9,0.01
27092,7,0.01
27093,6,0.0
27094,15,0.01
27095,28,0.02
27096,11,0.01
27103,5,0.0
27105,5,0.0
27108,19,0.01
27109,128,0.09
27112,40,0.03
27114,37,0.03
27124,19,0.01
27131,2,0.0
27132,5,0.0
27134,27,0.02
27135,4,0.0
27136,7,0.01
27140,5,0.0
27147,29,0.02
27152,95,0.07
27155,108,0.08
27156,394,0.28
27158,18,0.01
27162,30,0.02
27163,12,0.01
27164,3,0.0
27166,24,0.02
27170,42,0.03
27171,4,0.0
27172,9,0.01
27176,30,0.02
27178,133,0.1
27180,90,0.06
27186,154,0.11
27189,4,0.0
27192,26,0.02
27193,407,0.29
27197,7,0.01
27198,5,0.0
27204,8,0.01
27205,4,0.0
27212,8,0.01
27213,12,0.01
27215,15,0.01
27216,102,0.07
27217,27,0.02
27220,11,0.01
27221,8,0.01
27223,14,0.01
27232,7,0.01
27234,2,0.0
27235,1,0.0
27236,8,0.01
27238,28,0.02
27239,9,0.01
27246,54,0.04
27251,331,0.24
27253,106,0.08
27255,70,0.05
27261,17,0.01
27263,4,0.0
27266,1196,0.86
27268,15,0.01
27271,125,0.09
27273,2,0.0
27274,8,0.01
27276,10,0.01
27277,6,0.0
27291,1,0.0
27292,13,0.01
27293,2,0.0
27297,5,0.0
27298,10,0.01
27302,15,0.01
27304,7,0.01
27305,10,0.01
27306,14,0.01
27307,2,0.0
27309,77,0.06
27310,1,0.0
27311,345,0.25
27313,8,0.01
27315,8,0.01
27316,63,0.05
27317,1244,0.9
27320,8,0.01
27321,3,0.0
27322,9,0.01
27326,39,0.03
27327,40,0.03
27328,1,0.0
27329,130,0.09
27332,7,0.01
27334,18,0.01
27338,222,0.16
27340,68,0.05
27343,2,0.0
27344,14,0.01
27345,6,0.0
27347,26,0.02
27348,4,0.0
27350,10,0.01
27351,88,0.06
27356,9,0.01
27357,33,0.02
27359,2,0.0
27360,1,0.0
27362,59,0.04
27365,43,0.03
27366,102,0.07
27368,259,0.19
27369,152,0.11
27370,67,0.05
27372,9,0.01
27373,188,0.14
27376,209,0.15
27378,2,0.0
27382,1,0.0
27391,211,0.15
27392,61,0.04
27395,1,0.0
27397,445,0.32
27402,153,0.11
27408,259,0.19
27410,434,0.31
27411,7,0.01
27416,467,0.34
27420,6,0.0
27423,13,0.01
27426,42,0.03
27431,11,0.01
27432,91,0.07
27434,235,0.17
27436,12,0.01
27441,218,0.16
27444,4,0.0
27445,19,0.01
27447,17,0.01
27449,1,0.0
27450,94,0.07
27451,8,0.01
27454,5,0.0
27455,3,0.0
27456,101,0.07
27457,2,0.0
27458,13,0.01
27459,2,0.0
27461,37,0.03
27467,2,0.0
27468,6,0.0
27469,15,0.01
27472,4,0.0
27473,126,0.09
27474,6,0.0
27475,1,0.0
27477,1,0.0
27478,446,0.32
27479,1,0.0
27480,21,0.02
27482,549,0.4
27484,3,0.0
27485,16,0.01
27488,8,0.01
27491,165,0.12
27496,5,0.0
27497,22,0.02
27506,14,0.01
27509,59,0.04
27511,1,0.0
27513,47,0.03
27515,52,0.04
27518,17,0.01
27523,289,0.21
27524,31,0.02
27525,3,0.0
27526,2,0.0
27528,48,0.03
27530,10,0.01
27537,69,0.05
27539,19,0.01
27544,34,0.02
27548,25,0.02
27549,14,0.01
27550,42,0.03
27555,128,0.09
27563,244,0.18
27564,60,0.04
27571,35,0.03
27573,11,0.01
27576,6,0.0
27584,166,0.12
27587,27,0.02
27592,1054,0.76
27595,12,0.01
27598,6,0.0
27602,9,0.01
27603,11,0.01
27604,297,0.21
27606,1,0.0
27608,236,0.17
27611,2884,2.08
27616,17,0.01
27618,255,0.18
27619,87,0.06
27620,41,0.03
27624,5,0.0
27626,1,0.0
27627,47,0.03
27631,13,0.01
27636,88,0.06
27639,7,0.01
27640,11,0.01
27641,65,0.05
27642,12,0.01
27643,90,0.06
27644,41,0.03
27646,36,0.03
27647,83,0.06
27648,152,0.11
27656,6,0.0
27657,4,0.0
27658,14,0.01
27660,2812,2.03
27664,156,0.11
27667,25,0.02
27668,3,0.0
27671,70,0.05
27674,614,0.44
27675,4,0.0
27679,12,0.01
27683,9,0.01
27684,11,0.01
27685,242,0.17
27689,174,0.13
27692,13,0.01
27695,54,0.04
27699,26,0.02
27700,547,0.39
27702,20,0.01
27703,2,0.0
27704,121,0.09
27705,54,0.04
27706,3438,2.48
27708,32,0.02
27711,5,0.0
27713,30,0.02
27716,143,0.1
27717,55,0.04
27718,5,0.0
27719,33,0.02
27721,1992,1.44
27722,305,0.22
27724,61,0.04
27727,674,0.49
27728,1176,0.85
27729,19,0.01
27731,879,0.63
27734,31,0.02
27735,52,0.04
27736,31,0.02
27738,61,0.04
27740,18,0.01
27741,707,0.51
27742,4,0.0
27743,24,0.02
27744,79,0.06
27746,140,0.1
27751,130,0.09
27752,3,0.0
27754,7,0.01
27756,7,0.01
27758,36,0.03
27759,4,0.0
27760,10,0.01
27762,14,0.01
27764,7,0.01
27765,29,0.02
27768,126,0.09
27769,11,0.01
27771,7,0.01
27772,725,0.52
27773,6207,4.48
27776,52,0.04
27777,2,0.0
27778,121,0.09
27779,4,0.0
27780,3,0.0
27781,17,0.01
27783,35,0.03
27784,101,0.07
27786,9,0.01
27787,6,0.0
27788,1251,0.9
27790,962,0.69
27792,171,0.12
27793,296,0.21
27797,84,0.06
27798,13,0.01
27799,8,0.01
27800,280,0.2
27801,1346,0.97
27802,104,0.08
27803,1449,1.05
27805,21,0.02
27808,2161,1.56
27811,36,0.03
27812,93,0.07
27815,1078,0.78
27816,298,0.22
27818,1,0.0
27820,272,0.2
27821,1756,1.27
27822,825,0.6
27823,5,0.0
27824,6,0.0
27826,94,0.07
27827,12,0.01
27828,126,0.09
27829,3,0.0
27830,63,0.05
27831,2883,2.08
27833,109,0.08
27834,466,0.34
27835,12,0.01
27837,684,0.49
27838,690,0.5
27839,1055,0.76
27840,17,0.01
27841,32,0.02
27843,91,0.07
27846,1552,1.12
27847,29,0.02
27849,3,0.0
27850,388,0.28
27851,111,0.08
27856,10,0.01
27857,184,0.13
27858,1,0.0
27862,21,0.02
27864,68,0.05
27865,176,0.13
27866,152,0.11
27867,38,0.03
27869,400,0.29
27871,214,0.15
27873,751,0.54
27874,31,0.02
27875,53,0.04
27876,125,0.09
27878,706,0.51
27879,375,0.27
27881,9,0.01
27882,332,0.24
27883,2,0.0
27884,91,0.07
27887,36,0.03
27888,77,0.06
27889,6,0.0
27891,16,0.01
27899,579,0.42
27903,18,0.01
27904,3044,2.2
27905,243,0.18
27909,7,0.01
27911,16,0.01
27912,618,0.45
27914,1,0.0
27919,7,0.01
27922,86,0.06
30659,44,0.03
30695,8,0.01
30698,3,0.0
30701,89,0.06
30707,9159,6.61
30712,133,0.1
30721,50,0.04
30723,26,0.02
30742,20,0.01
30745,118,0.09
30747,62,0.04
30749,8416,6.08
30764,3,0.0
30767,13,0.01
30776,2,0.0
30781,5,0.0
30783,41,0.03
30791,61,0.04
30793,7518,5.43
30798,16,0.01
30800,9,0.01
30803,1037,0.75
30808,10,0.01
30810,5424,3.92
30812,5842,4.22
30816,1587,1.15
30818,261,0.19
30820,961,0.69
30822,1790,1.29
30825,4288,3.1
30846,547,0.39
30848,421,0.3
30850,649,0.47
30854,14,0.01
30856,9,0.01
30861,7,0.01
30863,3,0.0
30867,100,0.07
30883,250,0.18
30890,10,0.01
30892,167,0.12
30894,711,0.51
30896,24,0.02
30898,668,0.48
30905,11,0.01
30942,14,0.01
30949,54,0.04
30952,58,0.04
30954,33,0.02
30958,4,0.0
30970,31,0.02
30977,26,0.02
30981,23,0.02
30991,68,0.05
30994,26,0.02
30996,61,0.04
31000,71,0.05
31004,10,0.01
31011,11,0.01
31026,112,0.08
31030,109,0.08
31032,67,0.05
31035,186,0.13
31038,43,0.03
31040,10,0.01
31042,55,0.04
31045,27,0.02
31047,28,0.02
31049,41,0.03
31053,12,0.01
31060,7,0.01
31079,84,0.06
31083,42,0.03
31086,47,0.03
31090,6,0.0
31101,160,0.12
31104,49,0.04
31107,35,0.03
31109,14,0.01
31112,13,0.01
31114,185,0.13
31116,399,0.29
31123,76,0.05
31133,56,0.04
31140,2,0.0
31148,54,0.04
31150,126,0.09
31152,4,0.0
31154,4,0.0
31156,85,0.06
31158,35,0.03
31160,44,0.03
31162,305,0.22
31165,9,0.01
31184,669,0.48
31188,27,0.02
31193,493,0.36
31195,11,0.01
31201,9,0.01
31203,2,0.0
31205,1,0.0
31221,1257,0.91
31223,176,0.13
31225,989,0.71
31247,45,0.03
31251,157,0.11
31255,189,0.14
31258,2,0.0
31260,137,0.1
31263,73,0.05
31267,11,0.01
31270,193,0.14
31284,42,0.03
31290,28,0.02
31297,14,0.01
31309,149,0.11
31330,3,0.0
31337,19,0.01
31340,7,0.01
31342,2,0.0
31347,89,0.06
31349,35,0.03
31351,3,0.0
31353,10,0.01
31359,69,0.05
31362,43,0.03
31364,576,0.42
31367,160,0.12
31374,87,0.06
31389,12,0.01
31408,80,0.06
31410,3998,2.89
31413,14,0.01
31420,1090,0.79
31422,323,0.23
31424,469,0.34
31427,930,0.67
31429,81,0.06
31431,368,0.27
31433,548,0.4
31435,247,0.18
31437,458,0.33
31445,187,0.14
31447,29,0.02
31467,71,0.05
31469,3,0.0
31474,1,0.0
31485,178,0.13
31487,15,0.01
31490,18,0.01
31494,23,0.02
31498,2,0.0
31502,184,0.13
31522,182,0.13
31524,44,0.03
31528,161,0.12
31535,2,0.0
31539,72,0.05
31545,105,0.08
31547,93,0.07
31549,18,0.01
31553,129,0.09
31555,120,0.09
31577,7,0.01
31584,52,0.04
31588,59,0.04
31590,107,0.08
31594,39,0.03
31598,9,0.01
31600,11,0.01
31606,8,0.01
31610,21,0.02
31613,35,0.03
31617,146,0.11
31619,14,0.01
31628,40,0.03
31636,20,0.01
31638,1,0.0
31645,8,0.01
31647,21,0.02
31649,4,0.0
31655,2,0.0
31658,5607,4.05
31660,617,0.45
31664,15,0.01
31672,22,0.02
31680,12,0.01
31682,38,0.03
31685,4080,2.95
31687,155,0.11
31689,244,0.18
31692,8,0.01
31694,714,0.52
31696,4247,3.07
31698,467,0.34
31700,195,0.14
31702,151,0.11
31705,61,0.04
31724,134,0.1
31737,78,0.06
31742,9,0.01
31747,52,0.04
31750,9,0.01
31770,159,0.11
31785,158,0.11
31793,7,0.01
31804,1149,0.83
31807,117,0.08
31813,1,0.0
31826,8,0.01
31847,17,0.01
31851,31,0.02
31854,54,0.04
31856,4,0.0
31867,189,0.14
31869,13,0.01
31878,3977,2.87
31881,14,0.01
31889,28,0.02
31892,31,0.02
31894,10,0.01
31900,19,0.01
31903,150,0.11
31907,1,0.0
31909,63,0.05
31915,10,0.01
31921,74,0.05
31923,620,0.45
31925,3,0.0
31930,96,0.07
31932,22,0.02
31934,155,0.11
31948,19,0.01
31950,82,0.06
31952,410,0.3
31954,3,0.0
31956,140,0.1
31960,10,0.01
31963,42,0.03
31973,84,0.06
31975,7,0.01
31983,4,0.0
31991,35,0.03
31998,30,0.02
32002,14,0.01
32009,145,0.1
32011,294,0.21
32013,27,0.02
32015,7,0.01
32017,693,0.5
32019,981,0.71
32022,137,0.1
32025,206,0.15
32029,1212,0.88
32031,1777,1.28
32049,27,0.02
32056,14,0.01
32058,148,0.11
32060,29,0.02
32062,7,0.01
32074,24,0.02
32076,98,0.07
32078,106,0.08
32082,11,0.01
32084,51,0.04
32088,13,0.01
32090,9,0.01
32109,21,0.02
32116,190,0.14
32120,15,0.01
32122,8,0.01
32124,43,0.03
32126,5,0.0
32128,52,0.04
32139,165,0.12
32141,24,0.02
32149,48,0.03
32151,25,0.02
32153,61,0.04
32156,14,0.01
32158,7,0.01
32160,149,0.11
32162,47,0.03
32166,10,0.01
32168,7,0.01
32170,58,0.04
32172,15,0.01
32174,87,0.06
32179,262,0.19
32181,6,0.0
32196,102,0.07
32199,15,0.01
32203,70,0.05
32211,28,0.02
32213,611,0.44
32216,12,0.01
32225,13,0.01
32230,1,0.0
32234,116,0.08
32239,127,0.09
32243,3,0.0
32250,13,0.01
32261,96,0.07
32263,44,0.03
32277,2,0.0
32280,34,0.02
32285,24,0.02
32289,262,0.19
32291,590,0.43
32294,9,0.01
32296,883,0.64
32298,466,0.34
32300,218,0.16
32302,283,0.2
32314,67,0.05
32316,78,0.06
32318,5,0.0
32325,35,0.03
32329,21,0.02
32333,14,0.01
32335,16,0.01
32342,17,0.01
32345,21,0.02
32347,28,0.02
32349,85,0.06
32352,61,0.04
32354,17,0.01
32357,2,0.0
32361,16,0.01
32369,113,0.08
32371,137,0.1
32375,30,0.02
32381,65,0.05
32383,94,0.07
32385,43,0.03
32387,189,0.14
32389,15,0.01
32392,71,0.05
32395,45,0.03
32415,15,0.01
32419,12,0.01
32421,1,0.0
32433,1,0.0
32440,10,0.01
32442,53,0.04
32444,27,0.02
32452,57,0.04
32456,192,0.14
32460,291,0.21
32464,40,0.03
32469,219,0.16
32471,5,0.0
32478,4,0.0
32483,25,0.02
32485,8,0.01
32493,57,0.04
32497,7,0.01
32501,10,0.01
32509,31,0.02
32511,31,0.02
32515,11,0.01
32518,23,0.02
32520,10,0.01
32525,121,0.09
32535,2,0.0
32551,7,0.01
32554,198,0.14
32560,14,0.01
32562,103,0.07
32567,4,0.0
32582,257,0.19
32584,148,0.11
32587,15481,11.18
32589,187,0.14
32591,151,0.11
32593,34,0.02
32596,1277,0.92
32598,937,0.68
32600,73,0.05
32602,32,0.02
32605,16,0.01
32617,41,0.03
32620,22,0.02
32625,29,0.02
32627,106,0.08
32632,76,0.05
32646,41,0.03
32649,45,0.03
32653,15,0.01
32655,4,0.0
32657,196,0.14
32659,36,0.03
32666,63,0.05
32668,50,0.04
32674,31,0.02
32677,20,0.01
32686,17,0.01
32689,10,0.01
32705,5,0.0
32707,29,0.02
32716,2,0.0
32719,8,0.01
32721,112,0.08
32724,1,0.0
32728,78,0.06
32735,27,0.02
32737,22,0.02
32741,15,0.01
32743,108,0.08
32770,147,0.11
32777,9,0.01
32779,1,0.0
32781,47,0.03
32783,7,0.01
32788,13,0.01
32792,93,0.07
32797,7,0.01
32799,16,0.01
32811,14,0.01
32825,145,0.1
32830,28,0.02
32834,44,0.03
32836,7,0.01
32840,249,0.18
32844,40,0.03
32851,9,0.01
32853,130,0.09
32860,3,0.0
32862,61,0.04
32864,5,0.0
32866,12,0.01
32875,38,0.03
32882,60,0.04
32890,4,0.0
32892,300,0.22
32898,254,0.18
32902,19,0.01
32906,22,0.02
32914,55,0.04
32917,12,0.01
32923,5,0.0
32925,6,0.0
32928,11,0.01
32935,1,0.0
32941,6,0.0
32943,136,0.1
32952,3,0.0
32954,15,0.01
32957,11,0.01
32959,4,0.0
32966,19,0.01
32968,3,0.0
32972,5,0.0
32974,15,0.01
32979,35,0.03
32988,62,0.04
32994,1,0.0
32999,11,0.01
33001,5,0.0
33004,5987,4.32
33008,25,0.02
33021,15,0.01
33027,3,0.0
33036,179,0.13
33049,3,0.0
33051,6,0.0
33072,185,0.13
33081,40,0.03
33085,840,0.61
33090,5,0.0
33092,2,0.0
33098,8,0.01
33102,2,0.0
33110,17,0.01
33113,37,0.03
33117,8,0.01
33119,38,0.03
33124,113,0.08
33126,90,0.06
33129,5,0.0
33132,11,0.01
33134,47,0.03
33136,98,0.07
33138,361,0.26
33140,4,0.0
33142,3,0.0
33145,499,0.36
33148,29,0.02
33150,23,0.02
33152,14,0.01
33154,1225,0.88
33158,773,0.56
33160,6,0.0
33162,2505,1.81
33164,729,0.53
33166,8967,6.47
33168,52,0.04
33171,929,0.67
33188,59,0.04
33191,20,0.01
33193,31,0.02
33201,8,0.01
33226,3,0.0
33235,6,0.0
33237,60,0.04
33245,21,0.02
33247,13,0.01
33251,13,0.01
33253,5,0.0
33255,24,0.02
33261,14,0.01
33264,45,0.03
33267,3,0.0
33270,64,0.05
33288,139,0.1
33292,7,0.01
33294,36,0.03
33296,27,0.02
33310,10,0.01
33312,234,0.17
33316,12,0.01
33318,8,0.01
33321,40,0.03
33328,8,0.01
33330,11,0.01
33340,32,0.02
33342,11,0.01
33358,159,0.11
33363,8,0.01
33376,8,0.01
33380,9,0.01
33389,6,0.0
33393,7,0.01
33397,8,0.01
33401,10,0.01
33410,65,0.05
33415,3,0.0
33421,163,0.12
33424,20,0.01
33426,2,0.0
33435,22,0.02
33437,1380,1.0
33443,12,0.01
33445,8,0.01
33451,133,0.1
33454,94,0.07
33463,94,0.07
33480,13,0.01
33487,84,0.06
33493,12303,8.88
33495,388,0.28
33499,656,0.47
33507,7,0.01
33524,7,0.01
33533,14,0.01
33539,118,0.09
33555,8,0.01
33558,102,0.07
33564,179,0.13
33567,20,0.01
33581,1,0.0
33585,278,0.2
33587,42,0.03
33592,87,0.06
33603,88,0.06
33608,4,0.0
33610,10,0.01
33615,3418,2.47
33621,106,0.08
33624,9,0.01
33629,51,0.04
33639,596,0.43
33641,12,0.01
33644,124,0.09
33646,1231,0.89
33649,291,0.21
33655,10,0.01
33660,4270,3.08
33669,816,0.59
33672,540,0.39
33675,93,0.07
33677,216,0.16
33679,6617,4.78
33681,309,0.22
33683,517,0.37
33685,58,0.04
33688,39,0.03
33709,23,0.02
33722,150,0.11
33725,243,0.18
33737,16,0.01
33743,16,0.01
33750,95,0.07
33755,3,0.0
33760,44,0.03
33762,5,0.0
33767,4,0.0
33779,208,0.15
33781,76,0.05
33790,8,0.01
33794,18686,13.49
33799,3,0.0
33801,11,0.01
33808,27,0.02
33815,191,0.14
33817,338,0.24
33819,146,0.11
33821,21,0.02
33823,42,0.03
33826,187,0.14
33830,480,0.35
33832,59,0.04
33834,1202,0.87
33836,1381,1.0
33838,174,0.13
33844,9,0.01
33847,26,0.02
33852,2,0.0
33861,42,0.03
33863,5,0.0
33880,1161,0.84
33893,169,0.12
33896,429,0.31
33898,18,0.01
33901,5,0.0
33903,972,0.7
33905,51,0.04
33912,47,0.03
33914,9,0.01
33917,6,0.0
33919,4,0.0
33921,5,0.0
33928,6,0.0
33930,31,0.02
33933,24,0.02
33940,2,0.0
33945,1,0.0
33956,8,0.01
33958,1,0.0
33966,107,0.08
33970,5,0.0
33972,9,0.01
33974,4,0.0
33988,27,0.02
33994,2,0.0
33998,21,0.02
34002,75,0.05
34004,12,0.01
34008,10,0.01
34016,4,0.0
34018,83,0.06
34026,8,0.01
34032,5,0.0
34039,4,0.0
34045,24,0.02
34048,6456,4.66
34051,41,0.03
34057,6,0.0
34063,62,0.04
34065,55,0.04
34072,2853,2.06
34076,5,0.0
34099,8,0.01
34111,51,0.04
34129,74,0.05
34135,6,0.0
34138,4,0.0
34143,622,0.45
34148,271,0.2
34150,3767,2.72
34153,938,0.68
34155,152,0.11
34158,10,0.01
34162,7096,5.12
34164,260,0.19
34170,45,0.03
34177,62,0.04
34185,9,0.01
34189,8,0.01
34193,14,0.01
34198,243,0.18
34206,3,0.0
34214,7,0.01
34216,3,0.0
34224,2,0.0
34226,3,0.0
34229,16,0.01
34231,2,0.0
34234,1,0.0
34238,23,0.02
34240,2,0.0
34246,22,0.02
34271,804,0.58
34292,130,0.09
34299,14,0.01
34306,14,0.01
34312,4,0.0
34314,37,0.03
34319,4247,3.07
34321,430,0.31
34323,770,0.56
34326,225,0.16
34330,56,0.04
34332,918,0.66
34334,696,0.5
34336,766,0.55
34338,1279,0.92
34353,26,0.02
34359,130,0.09
34364,5,0.0
34369,6,0.0
34371,4,0.0
34373,9,0.01
34375,32,0.02
34378,12,0.01
34386,12,0.01
34397,12,0.01
34405,7716,5.57
34411,48,0.03
34416,6,0.0
34426,3,0.0
34435,52,0.04
34437,2922,2.11
34450,7,0.01
34464,8,0.01
34466,13,0.01
34469,56,0.04
34473,9,0.01
34482,120,0.09
34488,19,0.01
34499,49,0.04
34505,13,0.01
34511,10,0.01
34517,1,0.0
34520,892,0.64
34523,364,0.26
34526,17,0.01
34528,717,0.52
34530,592,0.43
34532,1107,0.8
34534,956,0.69
34536,327,0.24
34538,45,0.03
34540,155,0.11
34542,1617,1.17
34548,20,0.01
34552,251,0.18
34579,53,0.04
34583,60,0.04
34608,26,0.02
34624,28,0.02
34643,47,0.03
34645,50,0.04
34648,38,0.03
34659,8,0.01
34666,22,0.02
34696,28,0.02
34729,27,0.02
34767,92,0.07
34800,24,0.02
34811,92,0.07
35008,1,0.0
35015,116,0.08
35050,3,0.0
35082,17,0.01
35331,1,0.0
35347,264,0.19
35386,11,0.01
35618,7,0.01
35629,11,0.01
35636,34,0.02
35640,3,0.0
35681,6,0.0
35721,3,0.0
35738,14,0.01
35807,7,0.01
35826,6,0.0
35828,2,0.0
35836,9588,6.92
35843,9,0.01
35853,2,0.0
35906,6,0.0
35957,1283,0.93
36046,2,0.0
36056,53,0.04
36083,22,0.02
36086,66,0.05
36152,23,0.02
36247,9,0.01
36264,6,0.0
36276,884,0.64
36286,2,0.0
36289,135,0.1
36312,4,0.0
36326,13,0.01
36363,297,0.21
36373,8,0.01
36392,19,0.01
36397,238,0.17
36401,2010,1.45
36405,3,0.0
36426,1,0.0
36436,13,0.01
36462,13,0.01
36477,116,0.08
36509,357,0.26
36511,17,0.01
36513,92,0.07
36517,3572,2.58
36519,1498,1.08
36523,53,0.04
36525,1169,0.84
36527,882,0.64
36529,5768,4.16
36531,79,0.06
36533,195,0.14
36535,1431,1.03
36537,565,0.41
36539,50,0.04
36541,17,0.01
36545,16,0.01
36553,29,0.02
36576,2,0.0
36630,10,0.01
36683,12,0.01
36708,1501,1.08
36711,6,0.0
36752,15,0.01
36799,15,0.01
36804,1,0.0
36816,2,0.0
36850,90,0.06
36883,19,0.01
36902,5,0.0
36931,63,0.05
37058,4,0.0
37113,7,0.01
37211,61,0.04
37240,776,0.56
37257,5,0.0
37269,10,0.01
37277,22,0.02
37287,32,0.02
37335,39,0.03
37375,17,0.01
37380,1205,0.87
37382,924,0.67
37384,796,0.57
37386,2292,1.65
37444,3,0.0
37462,13,0.01
37475,388,0.28
37477,203,0.15
37495,107,0.08
37545,126,0.09
37626,50,0.04
37653,19,0.01
37683,9,0.01
37689,5,0.0
37720,1051,0.76
37727,1563,1.13
37729,4373,3.16
37731,1203,0.87
37733,3878,2.8
37736,362,0.26
37739,412,0.3
37741,3438,2.48
37744,11,0.01
37785,40,0.03
37824,3,0.0
37830,1296,0.94
37837,21,0.02
37844,57,0.04
37846,23,0.02
37853,430,0.31
37855,216,0.16
37857,946,0.68
37949,1,0.0
37955,113,0.08
37957,23,0.02
37960,1,0.0
37967,3,0.0
37976,25,0.02
37982,3,0.0
38001,2,0.0
38004,9,0.01
38036,10,0.01
38038,4436,3.2
38046,33,0.02
38061,5026,3.63
38086,20,0.01
38095,203,0.15
38097,115,0.08
38159,224,0.16
38164,22,0.02
38188,148,0.11
38198,75,0.05
38294,185,0.13
38304,705,0.51
38320,41,0.03
38376,9,0.01
38384,71,0.05
38388,233,0.17
38435,5,0.0
38473,8,0.01
38499,462,0.33
38538,108,0.08
38583,53,0.04
38600,240,0.17
38656,28,0.02
38688,3,0.0
38701,109,0.08
38713,8,0.01
38798,1088,0.79
38824,78,0.06
38839,3,0.0
38843,38,0.03
38849,17,0.01
38867,8,0.01
38881,19,0.01
38884,4,0.0
38886,1912,1.38
38992,352,0.25
38994,82,0.06
39048,4,0.0
39052,472,0.34
39075,8,0.01
39183,5556,4.01
39191,3,0.0
39231,1097,0.79
39234,622,0.45
39244,16,0.01
39292,3760,2.71
39305,9,0.01
39307,206,0.15
39364,1,0.0
39369,44,0.03
39381,1075,0.78
39390,20,0.01
39394,25,0.02
39398,123,0.09
39400,359,0.26
39402,31,0.02
39408,61,0.04
39410,26,0.02
39412,2,0.0
39414,775,0.56
39416,24,0.02
39419,263,0.19
39421,68,0.05
39425,8,0.01
39427,602,0.43
39429,2,0.0
39435,889,0.64
39439,4,0.0
39441,67,0.05
39444,1245,0.9
39446,2407,1.74
39449,519,0.37
39474,14,0.01
39481,30,0.02
39516,14,0.01
39524,8,0.01
39529,45,0.03
39615,3,0.0
39659,37,0.03
39703,61,0.04
39715,859,0.62
39731,9,0.01
39740,4,0.0
39768,81,0.06
39777,34,0.02
39779,37,0.03
39786,9,0.01
39796,33,0.02
39801,12,0.01
39818,19,0.01
39824,7,0.01
39857,6,0.0
39869,382,0.28
39876,3,0.0
39886,181,0.13
39896,29,0.02
39931,14,0.01
39934,36,0.03
39941,17,0.01
40010,90,0.06
40015,7,0.01
40033,38,0.03
40111,5,0.0
40148,538,0.39
40226,36,0.03
40275,1,0.0
40278,2987,2.16
40291,1,0.0
40337,57,0.04
40339,987,0.71
40342,59,0.04
40404,1,0.0
40412,421,0.3
40414,430,0.31
40422,9,0.01
40425,5,0.0
40436,10,0.01
40457,7,0.01
40465,1,0.0
40467,5,0.0
40478,14,0.01
40491,117,0.08
40494,23,0.02
40559,4,0.0
40574,147,0.11
40578,10,0.01
40581,636,0.46
40583,2913,2.1
40586,106,0.08
40589,12,0.01
40591,36,0.03
40597,17,0.01
40614,657,0.47
40617,95,0.07
40629,3288,2.37
40679,2,0.0
40681,24,0.02
40697,56,0.04
40699,1,0.0
40723,512,0.37
40732,1701,1.23
40738,14,0.01
40752,37,0.03
40755,20,0.01
40815,9908,7.15
40817,62,0.04
40819,6493,4.69
40826,813,0.59
40828,28,0.02
40831,5,0.0
40833,16,0.01
40851,634,0.46
40870,606,0.44
40887,101,0.07
40898,7,0.01
40946,410,0.3
40952,131,0.09
40955,309,0.22
40959,510,0.37
40962,249,0.18
40964,22,0.02
40966,447,0.32
40969,15,0.01
40973,85,0.06
40988,99,0.07
41014,147,0.11
41025,127,0.09
41058,10,0.01
41094,9,0.01
41104,7,0.01
41126,4,0.0
41130,4,0.0
41136,81,0.06
41212,7,0.01
41226,123,0.09
41285,3366,2.43
41336,42,0.03
41353,3,0.0
41402,5,0.0
41411,102,0.07
41425,55,0.04
41434,7,0.01
41499,9,0.01
41518,4,0.0
41523,2,0.0
41527,386,0.28
41564,10,0.01
41566,7112,5.14
41569,5709,4.12
41571,1970,1.42
41573,969,0.7
41575,82,0.06
41585,97,0.07
41596,1,0.0
41602,1,0.0
41617,162,0.12
41627,115,0.08
41644,16,0.01
41650,10,0.01
41688,14,0.01
41691,10,0.01
41699,45,0.03
41704,3,0.0
41706,3,0.0
41712,51,0.04
41714,17,0.01
41716,1115,0.81
41721,91,0.07
41724,171,0.12
41736,19,0.01
41753,37,0.03
41762,4,0.0
41767,5,0.0
41769,108,0.08
41792,9,0.01
41810,13,0.01
41812,7,0.01
41815,26,0.02
41820,5,0.0
41822,3,0.0
41824,10,0.01
41828,26,0.02
41831,66,0.05
41863,754,0.54
41880,6,0.0
41889,11,0.01
41912,42,0.03
41914,2,0.0
41941,62,0.04
41974,10,0.01
41980,4,0.0
41997,4745,3.43
42002,763,0.55
42004,1097,0.79
42007,651,0.47
42009,426,0.31
42011,1425,1.03
42013,338,0.24
42015,578,0.42
42018,461,0.33
42021,98,0.07
42053,60,0.04
42094,211,0.15
42150,10,0.01
42152,10,0.01
42163,175,0.13
42172,38,0.03
42176,7,0.01
42189,1,0.0
42191,55,0.04
42197,435,0.31
42208,18,0.01
42213,54,0.04
42217,168,0.12
42285,49,0.04
42312,24,0.02
42335,1,0.0
42341,2,0.0
42351,111,0.08
42385,46,0.03
42393,12,0.01
42407,1,0.0
42413,2,0.0
42418,883,0.64
42422,142,0.1
42491,1,0.0
42518,39,0.03
42543,8,0.01
42546,21,0.02
42548,11,0.01
42550,4,0.0
42553,4,0.0
42556,64,0.05
42559,16,0.01
42562,2,0.0
42584,9,0.01
42591,1,0.0
42602,24,0.02
42629,8,0.01
42632,1099,0.79
42634,54,0.04
42636,3,0.0
42638,6,0.0
42659,5,0.0
42661,3,0.0
42677,6,0.0
42679,4,0.0
42681,51,0.04
42698,9,0.01
42705,1,0.0
42710,39,0.03
42718,1018,0.74
42721,388,0.28
42723,1499,1.08
42725,862,0.62
42728,471,0.34
42730,428,0.31
42732,307,0.22
42734,718,0.52
42736,18,0.01
42738,1954,1.41
42740,93,0.07
42761,11,0.01
42763,4,0.0
42783,41,0.03
42794,15,0.01
42856,8,0.01
42886,4,0.0
42900,148,0.11
42935,22,0.02
42938,21,0.02
42943,9,0.01
42946,91,0.07
42952,5,0.0
42956,6,0.0
42958,136,0.1
42973,5,0.0
42984,12,0.01
42987,7,0.01
43007,12,0.01
43009,26,0.02
43011,20,0.01
43014,9,0.01
43022,50,0.04
43039,5,0.0
43081,3,0.0
43177,38,0.03
43244,7,0.01
43248,5,0.0
43260,6,0.0
43267,13,0.01
43269,9,0.01
43289,19,0.01
43292,6,0.0
43333,323,0.23
43351,17,0.01
43376,643,0.46
43383,5,0.0
43389,33,0.02
43391,84,0.06
43396,1319,0.95
43415,52,0.04
43419,274,0.2
43444,38,0.03
43460,452,0.33
43482,31,0.02
43497,67,0.05
43518,9,0.01
43528,3,0.0
43538,2,0.0
43549,39,0.03
43552,17,0.01
43556,211,0.15
43558,366,0.26
43560,793,0.57
43567,4,0.0
43571,4,0.0
43589,32,0.02
43608,22,0.02
43624,2,0.0
43626,4,0.0
43628,5,0.0
43631,2,0.0
43633,3,0.0
43635,63,0.05
43652,235,0.17
43675,1,0.0
43677,130,0.09
43679,892,0.64
43682,3,0.0
43684,171,0.12
43692,2,0.0
43699,44,0.03
43708,335,0.24
43710,14,0.01
43727,4,0.0
43744,268,0.19
43762,19,0.01
43801,10,0.01
43803,5,0.0
43813,8,0.01
43822,6,0.0
43828,12,0.01
43832,140,0.1
43836,785,0.57
43838,46,0.03
43853,62,0.04
43869,247,0.18
43871,764,0.55
43883,31,0.02
43892,3,0.0
43897,77,0.06
43899,66,0.05
43904,270,0.19
43906,53,0.04
43908,120,0.09
43910,124,0.09
43912,181,0.13
43914,147,0.11
43917,484,0.35
43919,769,0.56
43921,619,0.45
43923,79,0.06
43926,59,0.04
43928,1119,0.81
43930,332,0.24
43932,267,0.19
43934,68,0.05
43936,1731,1.25
43953,4,0.0
43967,14,0.01
43971,11,0.01
43983,64,0.05
43987,67,0.05
43997,3,0.0
44004,988,0.71
44020,30,0.02
44022,2465,1.78
44041,59,0.04
44058,110,0.08
44073,50,0.04
44100,92,0.07
44115,61,0.04
44124,7,0.01
44153,21,0.02
44155,19,0.01
44161,22,0.02
44168,116,0.08
44187,57,0.04
44189,88,0.06
44191,14356,10.37
44193,781,0.56
44195,7412,5.35
44197,274,0.2
44199,5552,4.01
44204,657,0.47
44225,234,0.17
44234,8,0.01
44238,69,0.05
44241,35,0.03
44243,39,0.03
44245,40,0.03
44253,2,0.0
44255,5,0.0
44295,30,0.02
44301,101,0.07
44317,92,0.07
44392,21,0.02
44397,902,0.65
44399,177,0.13
44421,15,0.01
44427,27,0.02
44494,97,0.07
44511,37,0.03
44555,5720,4.13
44568,30,0.02
44571,5,0.0
44582,29,0.02
44585,5,0.0
44587,150,0.11
44590,27,0.02
44595,44,0.03
44597,36,0.03
44601,12,0.01
44611,31,0.02
44613,262,0.19
44628,4,0.0
44633,381,0.28
44653,52,0.04
44655,29,0.02
44657,118,0.09
44663,12,0.01
44665,5853,4.23
44671,28,0.02
44674,15,0.01
44685,16,0.01
44694,2085,1.51
44703,4,0.0
44709,864,0.62
44717,7,0.01
44719,3,0.0
44724,4,0.0
44729,165,0.12
44731,203,0.15
44752,4,0.0
44759,415,0.3
44761,2078,1.5
44763,7,0.01
44773,2,0.0
44777,27,0.02
44779,28,0.02
44782,4,0.0
44788,908,0.66
44800,30,0.02
44815,98,0.07
44825,1,0.0
44828,733,0.53
44840,473,0.34
44844,52,0.04
44849,245,0.18
44851,12,0.01
44856,15,0.01
44861,12,0.01
44864,473,0.34
44871,3,0.0
44881,28,0.02
44889,142,0.1
44892,4,0.0
44900,68,0.05
44903,4,0.0
44911,45,0.03
44929,320,0.23
44931,3,0.0
44937,274,0.2
44943,166,0.12
44947,53,0.04
44949,72,0.05
44966,58,0.04
44972,1238,0.89
44974,1632,1.18
44978,34,0.02
45000,14,0.01
45003,166,0.12
45028,724,0.52
45030,16,0.01
45036,4,0.0
45038,2,0.0
45047,8,0.01
45062,628,0.45
45068,12,0.01
45072,5,0.0
45074,215,0.16
45079,5,0.0
45081,1303,0.94
45100,29,0.02
45106,447,0.32
45134,3,0.0
45137,7,0.01
45170,15,0.01
45172,35,0.03
45175,282,0.2
45179,19,0.01
45183,359,0.26
45186,3165,2.29
45188,30,0.02
45192,21,0.02
45194,13,0.01
45200,16,0.01
45208,494,0.36
45210,1670,1.21
45221,247,0.18
45224,10,0.01
45259,16,0.01
45303,13,0.01
45329,12,0.01
45335,74,0.05
45346,5,0.0
45361,252,0.18
45382,224,0.16
45412,48,0.03
45431,2059,1.49
45440,470,0.34
45442,745,0.54
45447,5190,3.75
45499,6385,4.61
45501,1375,0.99
45503,170,0.12
45506,124,0.09
45508,16,0.01
45512,9,0.01
45517,4392,3.17
45521,24,0.02
45525,80,0.06
45527,6,0.0
45531,1,0.0
45533,19,0.01
45537,9,0.01
45550,20,0.01
45576,10,0.01
45578,12,0.01
45581,6,0.0
45611,36,0.03
45635,232,0.17
45639,9,0.01
45642,9,0.01
45648,16,0.01
45652,6,0.0
45656,9,0.01
45658,62,0.04
45662,551,0.4
45664,41,0.03
45666,1173,0.85
45668,1212,0.88
45672,2215,1.6
45679,71,0.05
45689,2,0.0
45691,9,0.01
45707,7,0.01
45720,3329,2.4
45722,9657,6.97
45726,1017,0.73
45728,2715,1.96
45730,1174,0.85
45732,996,0.72
45756,3,0.0
45758,6,0.0
45761,2,0.0
45837,54,0.04
45845,2,0.0
45852,110,0.08
45880,1098,0.79
45891,35,0.03
45899,5,0.0
45928,830,0.6
45940,10,0.01
45942,19,0.01
45950,2610,1.88
45952,8,0.01
45969,49,0.04
45981,89,0.06
45987,18,0.01
45991,9,0.01
46008,4,0.0
46034,24,0.02
46062,460,0.33
46065,2,0.0
46083,6,0.0
46098,20,0.01
46105,34,0.02
46108,10,0.01
46115,4,0.0
46154,4,0.0
46156,114,0.08
46194,55,0.04
46199,1,0.0
46201,14,0.01
46207,3,0.0
46231,17,0.01
46258,24,0.02
46311,2,0.0
46318,5,0.0
46322,1174,0.85
46325,2,0.0
46331,25,0.02
46335,1230,0.89
46337,256,0.18
46347,249,0.18
46363,12,0.01
46367,13,0.01
46372,2,0.0
46409,13,0.01
46430,61,0.04
46441,8,0.01
46457,8,0.01
46478,25,0.02
46525,7,0.01
46530,3535,2.55
46544,12,0.01
46559,199,0.14
46561,33,0.02
46572,156,0.11
46574,105,0.08
46578,11878,8.58
46581,8,0.01
46588,2,0.0
46595,2,0.0
46604,72,0.05
46613,22,0.02
46627,6,0.0
46634,6,0.0
46640,11,0.01
46651,1,0.0
46653,109,0.08
46664,127,0.09
46713,4,0.0
46716,12,0.01
46723,4136,2.99
46748,13,0.01
46753,2,0.0
46762,10,0.01
46765,22,0.02
46770,10,0.01
46772,203,0.15
46788,6,0.0
46790,1,0.0
46803,166,0.12
46808,3,0.0
46821,13,0.01
46839,40,0.03
46848,23,0.02
46850,653,0.47
46855,306,0.22
46862,10,0.01
46865,276,0.2
46869,7,0.01
46880,12,0.01
46901,6,0.0
46910,6,0.0
46912,28,0.02
46915,14,0.01
46919,104,0.08
46925,6,0.0
46929,12,0.01
46948,968,0.7
46952,9,0.01
46954,6,0.0
46957,5,0.0
46959,108,0.08
46961,8,0.01
46965,1699,1.23
46967,817,0.59
46970,2352,1.7
46972,2610,1.88
46974,666,0.48
46976,6281,4.54
46979,4,0.0
47005,4,0.0
47007,7,0.01
47028,5,0.0
47044,1243,0.9
47047,16,0.01
47049,22,0.02
47054,4,0.0
47063,7,0.01
47076,11,0.01
47084,36,0.03
47092,33,0.02
47099,3487,2.52
47117,46,0.03
47122,543,0.39
47124,308,0.22
47129,3,0.0
47131,3,0.0
47135,7,0.01
47146,14,0.01
47148,65,0.05
47150,72,0.05
47152,63,0.05
47165,5,0.0
47180,14,0.01
47196,27,0.02
47200,1925,1.39
47202,186,0.13
47221,35,0.03
47237,2,0.0
47239,29,0.02
47248,5,0.0
47250,1,0.0
47254,244,0.18
47261,204,0.15
47264,215,0.16
47274,108,0.08
47277,4,0.0
47285,7,0.01
47287,56,0.04
47306,83,0.06
47330,38,0.03
47342,3,0.0
47356,5,0.0
47382,550,0.4
47384,119,0.09
47394,126,0.09
47397,4,0.0
47404,141,0.1
47417,4,0.0
47423,1017,0.73
47446,112,0.08
47452,5,0.0
47455,4,0.0
47458,15,0.01
47460,13,0.01
47465,406,0.29
47477,9,0.01
47482,10,0.01
47484,17,0.01
47491,541,0.39
47493,39,0.03
47501,4,0.0
47503,37,0.03
47516,112,0.08
47518,1225,0.88
47525,26,0.02
47538,12,0.01
47540,2,0.0
47559,3,0.0
47561,3,0.0
47566,34,0.02
47571,16,0.01
47601,25,0.02
47606,5,0.0
47610,6379,4.61
47615,20,0.01
47619,28,0.02
47626,5,0.0
47629,2087,1.51
47634,124,0.09
47640,858,0.62
47642,56,0.04
47644,737,0.53
47646,83,0.06
47665,11,0.01
47670,37,0.03
47681,7,0.01
47701,6,0.0
47707,2,0.0
47714,24,0.02
47719,7,0.01
47721,311,0.22
47723,65,0.05
47725,258,0.19
47728,47,0.03
47736,8,0.01
47740,13,0.01
47774,15,0.01
47778,140,0.1
47793,86,0.06
47805,61,0.04
47808,29,0.02
47810,635,0.46
47815,18,0.01
47830,128,0.09
47836,50,0.04
47860,16,0.01
47868,18,0.01
47871,1,0.0
47880,1,0.0
47886,8,0.01
47894,558,0.4
47902,3,0.0
47904,37,0.03
47907,29,0.02
47918,9,0.01
47927,10,0.01
47931,12,0.01
47935,17,0.01
47937,273,0.2
47940,49,0.04
47950,422,0.3
47952,325,0.23
47956,53,0.04
47962,4,0.0
47970,510,0.37
47972,11,0.01
47976,103,0.07
47978,169,0.12
47980,9,0.01
47997,1881,1.36
47999,1248,0.9
48001,49,0.04
48030,2,0.0
48032,118,0.09
48035,29,0.02
48043,2730,1.97
48045,38,0.03
48049,23,0.02
48057,8,0.01
48059,75,0.05
48061,255,0.18
48067,1,0.0
48082,2083,1.5
48084,5,0.0
48093,5,0.0
48098,9,0.01
48123,21,0.02
48127,2,0.0
48142,901,0.65
48150,55,0.04
48159,36,0.03
48161,226,0.16
48165,130,0.09
48167,25,0.02
48177,7,0.01
48193,25,0.02
48198,17,0.01
48214,30,0.02
48229,34,0.02
48231,104,0.08
48235,1,0.0
48239,11,0.01
48242,10,0.01
48262,154,0.11
48264,4,0.0
48268,21,0.02
48299,3,0.0
48301,67,0.05
48304,2679,1.93
48308,7,0.01
48315,11,0.01
48319,313,0.23
48322,1105,0.8
48326,287,0.21
48342,148,0.11
48346,24,0.02
48374,1,0.0
48381,8,0.01
48385,7699,5.56
48389,21,0.02
48394,11399,8.23
48407,4,0.0
48412,599,0.43
48414,484,0.35
48416,297,0.21
48427,3,0.0
48458,2,0.0
48501,8,0.01
48516,14309,10.33
48518,422,0.3
48520,520,0.38
48522,119,0.09
48528,8,0.01
48530,20,0.01
48536,8,0.01
48543,85,0.06
48555,10,0.01
48560,435,0.31
48567,15,0.01
48575,48,0.03
48584,32,0.02
48591,380,0.27
48593,496,0.36
48596,200,0.14
48598,170,0.12
48600,68,0.05
48626,3,0.0
48638,39,0.03
48642,4,0.0
48647,5,0.0
48649,7,0.01
48660,64,0.05
48673,67,0.05
48678,246,0.18
48682,88,0.06
48696,1384,1.0
48698,303,0.22
48700,13,0.01
48704,20,0.01
48711,99,0.07
48713,4,0.0
48715,5,0.0
48738,4163,3.01
48741,170,0.12
48744,623,0.45
48770,13,0.01
48774,8969,6.48
48780,11269,8.14
48783,1223,0.88
48791,83,0.06
48817,20,0.01
48820,1,0.0
48825,93,0.07
48833,24,0.02
48851,11,0.01
48856,280,0.2
48863,4,0.0
48872,273,0.2
48877,1490,1.08
48879,159,0.11
48883,157,0.11
48895,17,0.01
48899,2,0.0
48901,11,0.01
48909,44,0.03
48943,286,0.21
48957,22,0.02
48970,9,0.01
48972,26,0.02
48982,1009,0.73
48997,1556,1.12
49007,72,0.05
49013,233,0.17
49016,7,0.01
49035,14,0.01
49037,17,0.01
49050,12,0.01
49060,4,0.0
49063,1,0.0
49079,9,0.01
49082,4,0.0
49085,13,0.01
49098,5,0.0
49110,73,0.05
49115,5,0.0
49121,4,0.0
49123,26,0.02
49130,547,0.39
49132,269,0.19
49183,7,0.01
49200,73,0.05
49205,83,0.06
49220,423,0.31
49225,119,0.09
49234,7,0.01
49263,116,0.08
49265,88,0.06
49272,12311,8.89
49274,1581,1.14
49276,189,0.14
49278,2627,1.9
49280,446,0.32
49282,125,0.09
49284,420,0.3
49286,1768,1.28
49291,11,0.01
49299,13,0.01
49312,173,0.12
49314,310,0.22
49330,34,0.02
49338,2,0.0
49347,444,0.32
49355,98,0.07
49359,31,0.02
49371,6,0.0
49379,9,0.01
49389,66,0.05
49394,99,0.07
49396,954,0.69
49402,4,0.0
49412,110,0.08
49422,134,0.1
49435,25,0.02
49464,8,0.01
49494,6,0.0
49513,11,0.01
49518,6,0.0
49524,131,0.09
49526,191,0.14
49528,205,0.15
49530,6878,4.97
49571,29,0.02
49591,17,0.01
49593,4,0.0
49615,46,0.03
49642,80,0.06
49644,20,0.01
49647,357,0.26
49649,1175,0.85
49651,1243,0.9
49663,7,0.01
49666,132,0.1
49668,20,0.01
49688,95,0.07
49691,4,0.0
49735,20,0.01
49737,20,0.01
49739,3,0.0
49746,10,0.01
49752,12,0.01
49754,6,0.0
49757,9,0.01
49759,4,0.0
49766,19,0.01
49769,1,0.0
49772,869,0.63
49793,480,0.35
49815,30,0.02
49817,46,0.03
49822,1412,1.02
49824,816,0.59
49856,80,0.06
49872,6,0.0
49899,3,0.0
49902,35,0.03
49910,553,0.4
49917,97,0.07
49926,15,0.01
49929,10,0.01
49932,703,0.51
49951,11,0.01
49953,14,0.01
49955,2,0.0
49957,292,0.21
49961,1199,0.87
49973,8,0.01
49979,13,0.01
49985,1,0.0
49994,7,0.01
50003,228,0.16
50005,533,0.38
50011,235,0.17
50059,8,0.01
50064,303,0.22
50066,179,0.13
50068,2382,1.72
50076,1,0.0
50147,151,0.11
50149,129,0.09
50151,44,0.03
50153,99,0.07
50158,132,0.1
50160,463,0.33
50162,191,0.14
50165,13,0.01
50183,52,0.04
50189,643,0.46
50208,5,0.0
50229,70,0.05
50245,52,0.04
50253,18,0.01
50259,86,0.06
50271,7,0.01
50274,273,0.2
50279,1,0.0
50347,11,0.01
50349,10,0.01
50354,26,0.02
50356,32,0.02
50358,4,0.0
50379,5,0.0
50382,4,0.0
50440,94,0.07
50442,727,0.52
50445,249,0.18
50447,167,0.12
50477,22,0.02
50482,15,0.01
50488,4,0.0
50514,363,0.26
50517,90,0.06
50533,23,0.02
50541,5,0.0
50550,10,0.01
50572,15,0.01
50574,7,0.01
50583,45,0.03
50585,6,0.0
50589,8,0.01
50594,62,0.04
50601,1108,0.8
50610,5,0.0
50613,7,0.01
50615,59,0.04
50619,39,0.03
50628,11,0.01
50630,15,0.01
50641,91,0.07
50651,134,0.1
50658,384,0.28
50685,942,0.68
50703,86,0.06
50705,43,0.03
50740,359,0.26
50742,244,0.18
50754,6,0.0
50774,9,0.01
50792,341,0.25
50794,1236,0.89
50796,177,0.13
50798,899,0.65
50800,235,0.17
50802,404,0.29
50804,708,0.51
50806,443,0.32
50821,2,0.0
50828,6,0.0
50842,180,0.13
50851,494,0.36
50858,97,0.07
50872,8727,6.3
50886,36,0.03
50892,17,0.01
50898,27,0.02
50909,41,0.03
50912,1070,0.77
50923,352,0.25
50940,9,0.01
50942,13,0.01
50944,27,0.02
50949,18,0.01
50954,137,0.1
50970,24,0.02
50977,3,0.0
50999,7,0.01
51004,5,0.0
51007,130,0.09
51014,7,0.01
51019,3,0.0
51024,88,0.06
51037,239,0.17
51044,64,0.05
51053,3,0.0
51060,14,0.01
51063,121,0.09
51077,1595,1.15
51080,1257,0.91
51082,62,0.04
51084,1231,0.89
51086,1385,1.0
51088,375,0.27
51091,957,0.69
51094,99,0.07
51103,7,0.01
51106,4,0.0
51111,7,0.01
51127,100,0.07
51167,2,0.0
51174,203,0.15
51182,8,0.01
51185,13,0.01
51187,63,0.05
51194,7,0.01
51203,2,0.0
51207,11,0.01
51209,18,0.01
51246,8,0.01
51249,4,0.0
51251,3,0.0
51255,7659,5.53
51265,3,0.0
51277,272,0.2
51287,51,0.04
51300,3,0.0
51302,3,0.0
51304,24,0.02
51312,56,0.04
51314,35,0.03
51317,7,0.01
51321,26,0.02
51341,10,0.01
51354,11,0.01
51357,165,0.12
51372,155,0.11
51380,29,0.02
51402,9,0.01
51412,1232,0.89
51418,208,0.15
51433,6,0.0
51455,21,0.02
51457,13,0.01
51471,501,0.36
51486,9,0.01
51498,82,0.06
51503,42,0.03
51520,88,0.06
51528,6,0.0
51535,2,0.0
51540,3907,2.82
51545,77,0.06
51559,20,0.01
51562,160,0.12
51569,4,0.0
51573,47,0.03
51575,808,0.58
51579,16,0.01
51596,5,0.0
51605,10,0.01
51617,13,0.01
51619,20,0.01
51632,16,0.01
51638,76,0.05
51660,181,0.13
51662,10807,7.8
51666,95,0.07
51678,140,0.1
51686,6,0.0
51691,1,0.0
51694,202,0.15
51698,431,0.31
51705,304,0.22
51709,925,0.67
51773,23,0.02
51800,7,0.01
51809,2,0.0
51817,8,0.01
51820,13,0.01
51834,603,0.44
51847,61,0.04
51857,37,0.03
51884,491,0.35
51886,4,0.0
51891,2,0.0
51894,21,0.02
51903,160,0.12
51905,1,0.0
51911,31,0.02
51917,24,0.02
51921,2,0.0
51925,527,0.38
51927,231,0.17
51931,901,0.65
51933,61,0.04
51935,2059,1.49
51937,334,0.24
51939,535,0.39
51991,73,0.05
52005,81,0.06
52009,12,0.01
52016,11,0.01
52033,6,0.0
52037,59,0.04
52042,817,0.59
52078,9,0.01
52088,16,0.01
52101,7,0.01
52104,13,0.01
52106,2,0.0
52108,4,0.0
52118,2,0.0
52153,5,0.0
52170,18,0.01
52173,3,0.0
52180,4,0.0
52182,3,0.0
52189,22,0.02
52199,31,0.02
52202,12,0.01
52224,1,0.0
52227,138,0.1
52237,19,0.01
52241,896,0.65
52245,1860,1.34
52265,3,0.0
52273,1,0.0
52279,142,0.1
52281,3684,2.66
52283,308,0.22
52285,55,0.04
52287,817,0.59
52299,52,0.04
52319,822,0.59
52321,173,0.12
52326,1,0.0
52328,2521,1.82
52352,14,0.01
52356,55,0.04
52365,2,0.0
52375,293,0.21
52378,21,0.02
52413,36,0.03
52418,5,0.0
52424,52,0.04
52427,8,0.01
52435,1501,1.08
52443,37,0.03
52448,131,0.09
52456,288,0.21
52458,1351,0.98
52460,243,0.18
52462,350,0.25
52489,2,0.0
52495,56,0.04
52528,75,0.05
52545,42,0.03
52548,10,0.01
52551,28,0.02
52561,17,0.01
52570,7,0.01
52572,18,0.01
52579,590,0.43
52581,11,0.01
52583,13,0.01
52589,3,0.0
52591,142,0.1
52604,1615,1.17
52606,224,0.16
52617,14,0.01
52634,5,0.0
52641,1,0.0
52644,421,0.3
52660,3,0.0
52666,129,0.09
52668,271,0.2
52672,6,0.0
52690,1,0.0
52694,559,0.4
52704,1,0.0
52709,14,0.01
52712,244,0.18
52715,82,0.06
52717,242,0.17
52722,4256,3.07
52724,127,0.09
52730,69,0.05
52742,15,0.01
52767,407,0.29
52773,2,0.0
52781,7,0.01
52784,47,0.03
52796,2,0.0
52804,4,0.0
52806,131,0.09
52813,33,0.02
52831,44,0.03
52838,107,0.08
52845,19,0.01
52858,8,0.01
52865,17,0.01
52867,157,0.11
52872,8,0.01
52885,1302,0.94
52891,13,0.01
52913,16,0.01
52922,7,0.01
52927,37,0.03
52929,78,0.06
52938,18,0.01
52942,5,0.0
52950,484,0.35
52952,1258,0.91
52956,4,0.0
52967,474,0.34
52973,5051,3.65
52975,1193,0.86
52980,16,0.01
52995,9,0.01
53000,3597,2.6
53002,198,0.14
53004,128,0.09
53022,7,0.01
53024,285,0.21
53038,58,0.04
53046,7,0.01
53052,11,0.01
53066,15,0.01
53084,2,0.0
53121,2215,1.6
53123,2154,1.56
53125,5428,3.92
53127,225,0.16
53129,1363,0.98
53131,54,0.04
53133,45,0.03
53138,111,0.08
53140,115,0.08
53143,60,0.04
53152,9,0.01
53154,24,0.02
53161,295,0.21
53183,17,0.01
53187,1,0.0
53189,338,0.24
53207,628,0.45
53226,9,0.01
53280,22,0.02
53282,24,0.02
53318,960,0.69
53322,3842,2.77
53326,122,0.09
53342,9,0.01
53349,66,0.05
53352,34,0.02
53355,30,0.02
53370,3,0.0
53373,3,0.0
53375,3,0.0
53379,22,0.02
53382,3,0.0
53406,51,0.04
53416,4,0.0
53435,468,0.34
53443,22,0.02
53447,317,0.23
53450,61,0.04
53453,8,0.01
53460,628,0.45
53464,1987,1.43
53466,139,0.1
53468,482,0.35
53476,16,0.01
53498,30,0.02
53519,2555,1.84
53548,5,0.0
53550,1065,0.77
53554,5,0.0
53561,2,0.0
53569,37,0.03
53574,82,0.06
53578,90,0.06
53582,24,0.02
53584,9,0.01
53592,38,0.03
53600,5,0.0
53651,5,0.0
53737,72,0.05
53741,11,0.01
53752,9,0.01
53766,22,0.02
53769,144,0.1
53771,7,0.01
53774,13,0.01
53788,69,0.05
53808,12,0.01
53827,116,0.08
53833,11,0.01
53835,41,0.03
53837,13,0.01
53839,7,0.01
53841,5,0.0
53843,11,0.01
53845,5,0.0
53847,6,0.0
53849,5,0.0
53851,6,0.0
53853,8,0.01
53855,11,0.01
53857,3,0.0
53859,58,0.04
53873,12,0.01
53880,24,0.02
53883,154,0.11
53885,8,0.01
53887,105,0.08
53894,1970,1.42
53906,83,0.06
53912,14,0.01
53916,9,0.01
53919,95,0.07
53921,244,0.18
53953,2365,1.71
53956,1300,0.94
53963,5,0.0
53967,21,0.02
53972,4058,2.93
53974,337,0.24
53988,138,0.1
53993,1434,1.04
53996,5664,4.09
53999,140,0.1
54001,5967,4.31
54004,996,0.72
54010,1,0.0
54020,16,0.01
54049,17,0.01
54056,2,0.0
54067,3,0.0
54075,149,0.11
54094,107,0.08
54116,96,0.07
54121,51,0.04
54144,11,0.01
54171,16,0.01
54176,16,0.01
54185,57,0.04
54190,1687,1.22
54193,93,0.07
54196,53,0.04
54198,12,0.01
54220,11,0.01
54229,48,0.03
54239,7,0.01
54241,29,0.02
54243,11,0.01
54248,25,0.02
54251,7,0.01
54254,7,0.01
54256,530,0.38
54259,4300,3.1
54262,8,0.01
54268,36,0.03
54270,86,0.06
54272,5450,3.94
54274,176,0.13
54276,486,0.35
54278,138,0.1
54281,719,0.52
54284,22,0.02
54286,10798,7.8
54290,180,0.13
54318,11,0.01
54326,1,0.0
54328,84,0.06
54331,259,0.19
54341,7,0.01
54349,2,0.0
54354,5,0.0
54372,654,0.47
54378,52,0.04
54406,27,0.02
54419,27,0.02
54426,57,0.04
54445,5,0.0
54455,21,0.02
54480,4,0.0
54491,9,0.01
54493,6,0.0
54501,7,0.01
54503,6670,4.82
54505,30,0.02
54510,62,0.04
54513,165,0.12
54519,18,0.01
54536,3,0.0
54542,5,0.0
54554,5,0.0
54561,3,0.0
54580,11,0.01
54605,27,0.02
54607,10,0.01
54612,113,0.08
54614,1,0.0
54617,3,0.0
54621,53,0.04
54648,814,0.59
54652,2,0.0
54686,167,0.12
54689,1,0.0
54691,35,0.03
54725,4,0.0
54732,502,0.36
54734,199,0.14
54736,1315,0.95
54738,31,0.02
54745,336,0.24
54758,2,0.0
54768,129,0.09
54771,532,0.38
54775,358,0.26
54778,9,0.01
54780,373,0.27
54783,29,0.02
54785,485,0.35
54787,316,0.23
54796,507,0.37
54826,9,0.01
54833,34,0.02
54872,16,0.01
54875,2,0.0
54878,7,0.01
54881,1494,1.08
54885,4,0.0
54908,64,0.05
54910,149,0.11
54922,5,0.0
54934,114,0.08
54958,24,0.02
54962,359,0.26
54964,6,0.0
54967,37,0.03
54972,3,0.0
54978,73,0.05
54986,6,0.0
54988,2,0.0
54995,2413,1.74
54997,4725,3.41
54999,1325,0.96
55020,172,0.12
55031,291,0.21
55036,8,0.01
55040,10,0.01
55050,21,0.02
55052,2330,1.68
55061,13,0.01
55063,129,0.09
55067,124,0.09
55069,802,0.58
55071,301,0.22
55073,9,0.01
55078,32,0.02
55080,494,0.36
55094,767,0.55
55098,55,0.04
55100,89,0.06
55106,33,0.02
55110,74,0.05
55112,14,0.01
55116,182,0.13
55118,3224,2.33
55132,11,0.01
55147,1,0.0
55154,30,0.02
55156,89,0.06
55159,53,0.04
55167,243,0.18
55176,282,0.2
55178,28,0.02
55190,62,0.04
55199,13,0.01
55205,165,0.12
55207,44,0.03
55209,22,0.02
55223,25,0.02
55226,16,0.01
55232,1351,0.98
55241,317,0.23
55245,560,0.4
55247,4945,3.57
55250,222,0.16
55253,574,0.41
55255,141,0.1
55257,118,0.09
55259,153,0.11
55261,402,0.29
55267,1360,0.98
55269,2956,2.13
55272,476,0.34
55274,607,0.44
55276,2934,2.12
55278,157,0.11
55280,1972,1.42
55282,1404,1.01
55284,355,0.26
55286,268,0.19
55288,172,0.12
55290,2817,2.03
55292,80,0.06
55294,12,0.01
55298,13,0.01
55324,14,0.01
55329,28,0.02
55343,12,0.01
55360,27,0.02
55363,1725,1.25
55369,18,0.01
55373,4,0.0
55389,10,0.01
55391,88,0.06
55402,54,0.04
55406,10,0.01
55408,5,0.0
55417,69,0.05
55419,56,0.04
55434,2,0.0
55440,29,0.02
55442,2249,1.62
55444,928,0.67
55451,354,0.26
55460,2,0.0
55462,10,0.01
55467,11,0.01
55469,8,0.01
55476,4,0.0
55485,4,0.0
55487,9,0.01
55489,10,0.01
55492,43,0.03
55498,78,0.06
55507,19,0.01
55512,2,0.0
55517,47,0.03
55549,13,0.01
55553,384,0.28
55555,342,0.25
55566,74,0.05
55577,987,0.71
55603,59,0.04
55620,113,0.08
55626,2,0.0
55628,4,0.0
55652,64,0.05
55659,5,0.0
55668,14,0.01
55671,11,0.01
55681,4,0.0
55684,12,0.01
55687,206,0.15
55691,6,0.0
55705,24,0.02
55713,15,0.01
55721,898,0.65
55726,56,0.04
55729,225,0.16
55732,278,0.2
55737,6,0.0
55751,3,0.0
55757,7,0.01
55765,5055,3.65
55768,915,0.66
55782,6,0.0
55805,1177,0.85
55814,1540,1.11
55820,10248,7.4
55826,6,0.0
55830,1511,1.09
55844,54,0.04
55851,55,0.04
55854,45,0.03
55856,20,0.01
55872,800,0.58
55875,4,0.0
55888,4,0.0
55895,106,0.08
55901,172,0.12
55908,1751,1.26
55926,34,0.02
55946,309,0.22
55955,234,0.17
55995,1532,1.11
55999,472,0.34
56001,147,0.11
56003,369,0.27
56006,10,0.01
56009,1,0.0
56012,181,0.13
56015,58,0.04
56022,13,0.01
56028,12,0.01
56030,13,0.01
56051,5,0.0
56060,90,0.06
56067,4,0.0
56069,21,0.02
56079,133,0.1
56093,75,0.05
56095,53,0.04
56098,19,0.01
56102,2,0.0
56141,72,0.05
56145,1665,1.2
56152,2120,1.53
56156,916,0.66
56158,38,0.03
56165,112,0.08
56167,70,0.05
56169,332,0.24
56171,1784,1.29
56174,6467,4.67
56176,612,0.44
56251,1328,0.96
56253,14,0.01
56274,270,0.19
56286,509,0.37
56294,3,0.0
56313,3,0.0
56331,8,0.01
56333,705,0.51
56336,100,0.07
56339,1669,1.21
56350,39,0.03
56367,10668,7.7
56370,48,0.03
56372,15,0.01
56379,108,0.08
56389,407,0.29
56432,26,0.02
56449,3,0.0
56456,5,0.0
56474,21,0.02
56477,2,0.0
56479,59,0.04
56485,2,0.0
56490,5,0.0
56508,109,0.08
56511,38,0.03
56513,1,0.0
56515,15,0.01
56548,3,0.0
56551,4,0.0
56561,25,0.02
56563,281,0.2
56570,5,0.0
56574,6,0.0
56580,9,0.01
56587,1716,1.24
56599,4,0.0
56602,5,0.0
56607,899,0.65
56612,14,0.01
56614,12,0.01
56616,4,0.0
56620,54,0.04
56624,2,0.0
56626,28,0.02
56631,11,0.01
56633,97,0.07
56651,6,0.0
56671,92,0.07
56691,10,0.01
56693,15,0.01
56700,35,0.03
56702,2,0.0
56715,1001,0.72
56719,73,0.05
56724,2,0.0
56744,69,0.05
56748,10,0.01
56757,3546,2.56
56775,1909,1.38
56779,10,0.01
56782,5233,3.78
56786,22,0.02
56788,2074,1.5
56797,10,0.01
56801,1135,0.82
56805,736,0.53
56835,6,0.0
56837,29,0.02
56846,78,0.06
56848,58,0.04
56869,4,0.0
56874,1,0.0
56885,500,0.36
56888,3,0.0
56908,151,0.11
56915,236,0.17
56921,951,0.69
56931,14,0.01
56941,1125,0.81
56945,73,0.05
56949,2108,1.52
56956,2,0.0
56959,3,0.0
56995,11,0.01
57017,8,0.01
57023,2,0.0
57027,11,0.01
57038,1,0.0
57041,57,0.04
57044,10,0.01
57069,22,0.02
57147,333,0.24
57171,1,0.0
57179,13,0.01
57183,34,0.02
57209,6,0.0
57223,199,0.14
57236,8,0.01
57243,322,0.23
57269,6,0.0
57274,1051,0.76
57276,16,0.01
57282,3,0.0
57291,1,0.0
57326,241,0.17
57353,226,0.16
57357,9,0.01
57359,2,0.0
57368,3403,2.46
57370,137,0.1
57378,4,0.0
57393,43,0.03
57401,240,0.17
57418,20,0.01
57421,68,0.05
57426,1,0.0
57430,6,0.0
57432,14,0.01
57439,3,0.0
57453,36,0.03
57464,263,0.19
57468,2,0.0
57473,12,0.01
57476,38,0.03
57478,9,0.01
57480,10,0.01
57482,2,0.0
57484,13,0.01
57499,15,0.01
57502,134,0.1
57504,784,0.57
57509,28,0.02
57513,11,0.01
57520,170,0.12
57522,42,0.03
57526,329,0.24
57528,1311,0.95
57530,17,0.01
57532,615,0.44
57534,286,0.21
57536,163,0.12
57538,135,0.1
57543,56,0.04
57550,29,0.02
57637,117,0.08
57640,2268,1.64
57648,3,0.0
57655,47,0.03
57669,4916,3.55
57690,21,0.02
57692,9,0.01
57695,20,0.01
57706,21,0.02
57709,1,0.0
57754,14,0.01
57772,26,0.02
57774,3,0.0
57776,16,0.01
57778,6,0.0
57792,124,0.09
57805,4,0.0
57811,9,0.01
57843,18,0.01
57845,128,0.09
57848,12,0.01
57854,45,0.03
57865,33,0.02
57868,10,0.01
57873,38,0.03
57910,314,0.23
57938,2,0.0
57940,4,0.0
57942,13,0.01
57946,15,0.01
57949,60,0.04
57951,464,0.34
57960,8,0.01
57964,21,0.02
57970,13,0.01
57972,88,0.06
57980,121,0.09
57991,17,0.01
57996,5,0.0
58003,7,0.01
58007,9,0.01
58025,1998,1.44
58029,28,0.02
58033,1,0.0
58047,1289,0.93
58059,14,0.01
58061,3,0.0
58078,248,0.18
58081,2,0.0
58084,25,0.02
58094,10,0.01
58103,1073,0.77
58105,683,0.49
58107,410,0.3
58111,32,0.02
58120,2,0.0
58123,20,0.01
58130,4,0.0
58136,2,0.0
58146,74,0.05
58154,752,0.54
58156,597,0.43
58162,699,0.5
58174,2,0.0
58180,3,0.0
58185,22,0.02
58191,250,0.18
58207,4,0.0
58223,73,0.05
58228,2,0.0
58246,129,0.09
58250,7,0.01
58269,3,0.0
58274,6,0.0
58282,1,0.0
58287,69,0.05
58291,109,0.08
58293,1863,1.35
58295,1923,1.39
58297,526,0.38
58299,1018,0.74
58301,437,0.32
58303,1055,0.76
58306,516,0.37
58309,31,0.02
58315,410,0.3
58324,34,0.02
58332,292,0.21
58334,131,0.09
58347,569,0.41
58351,292,0.21
58365,37,0.03
58367,37,0.03
58373,5,0.0
58376,400,0.29
58379,44,0.03
58381,39,0.03
58404,47,0.03
58409,3,0.0
58411,11,0.01
58418,109,0.08
58422,12,0.01
58425,214,0.15
58432,141,0.1
58434,17,0.01
58437,6,0.0
58439,40,0.03
58452,3,0.0
58485,71,0.05
58490,441,0.32
58492,162,0.12
58494,86,0.06
58509,3,0.0
58520,25,0.02
58530,4,0.0
58534,1,0.0
58554,79,0.06
58559,20438,14.76
58564,2,0.0
58576,29,0.02
58578,5,0.0
58595,23,0.02
58598,3,0.0
58610,14,0.01
58617,7,0.01
58622,134,0.1
58627,238,0.17
58632,18,0.01
58641,3,0.0
58649,18,0.01
58652,104,0.08
58655,312,0.23
58661,1,0.0
58706,105,0.08
58709,35,0.03
58718,7,0.01
58722,4,0.0
58740,15,0.01
58743,42,0.03
58760,1,0.0
58770,2,0.0
58774,1,0.0
58783,74,0.05
58803,2157,1.56
58806,336,0.24
58808,28,0.02
58810,2,0.0
58812,5,0.0
58816,14,0.01
58826,5,0.0
58839,299,0.22
58842,2,0.0
58847,7,0.01
58850,36,0.03
58870,32,0.02
58874,14,0.01
58876,163,0.12
58879,155,0.11
58881,20,0.01
58889,35,0.03
58895,10,0.01
58898,27,0.02
58904,12,0.01
58920,5,0.0
58922,5,0.0
58933,18,0.01
58937,64,0.05
58939,9,0.01
58941,5,0.0
58945,11,0.01
58964,136,0.1
58972,200,0.14
58975,324,0.23
58992,68,0.05
58994,3,0.0
58998,3630,2.62
59000,64,0.05
59014,393,0.28
59016,454,0.33
59018,896,0.65
59022,982,0.71
59026,200,0.14
59031,7,0.01
59037,501,0.36
59040,57,0.04
59044,7,0.01
59053,19,0.01
59065,54,0.04
59074,2,0.0
59103,727,0.52
59105,93,0.07
59107,81,0.06
59112,7,0.01
59114,2,0.0
59116,4,0.0
59118,538,0.39
59126,952,0.69
59129,67,0.05
59131,18,0.01
59136,1,0.0
59138,9,0.01
59141,483,0.35
59143,279,0.2
59154,11,0.01
59157,12,0.01
59159,20,0.01
59173,30,0.02
59178,17,0.01
59180,17,0.01
59182,9,0.01
59184,13,0.01
59188,72,0.05
59216,7,0.01
59220,226,0.16
59256,194,0.14
59258,607,0.44
59260,40,0.03
59273,56,0.04
59290,28,0.02
59295,127,0.09
59302,7,0.01
59306,173,0.12
59313,16,0.01
59315,11944,8.62
59327,2,0.0
59333,440,0.32
59336,315,0.23
59339,70,0.05
59362,72,0.05
59366,4,0.0
59369,4923,3.55
59376,23,0.02
59382,63,0.05
59387,1731,1.25
59392,377,0.27
59397,2,0.0
59399,25,0.02
59404,128,0.09
59418,193,0.14
59421,707,0.51
59426,1,0.0
59429,294,0.21
59435,19,0.01
59440,131,0.09
59447,4,0.0
59463,6,0.0
59465,2,0.0
59478,9,0.01
59485,42,0.03
59501,1551,1.12
59519,111,0.08
59527,17,0.01
59547,14,0.01
59549,102,0.07
59561,1,0.0
59590,186,0.13
59594,229,0.17
59602,30,0.02
59604,178,0.13
59607,91,0.07
59615,4306,3.11
59621,26,0.02
59625,9,0.01
59641,9,0.01
59649,2,0.0
59651,1,0.0
59655,15,0.01
59665,6,0.0
59667,2,0.0
59669,8,0.01
59680,15,0.01
59684,106,0.08
59705,14,0.01
59709,170,0.12
59715,122,0.09
59721,74,0.05
59725,1152,0.83
59727,484,0.35
59729,60,0.04
59731,367,0.26
59738,123,0.09
59753,13,0.01
59775,1,0.0
59784,4468,3.23
59795,30,0.02
59801,6,0.0
59805,3,0.0
59810,295,0.21
59814,34,0.02
59816,21,0.02
59832,48,0.03
59834,50,0.04
59836,4,0.0
59838,13,0.01
59840,3,0.0
59842,12,0.01
59844,2,0.0
59846,36,0.03
59850,6,0.0
59852,2,0.0
59854,9,0.01
59858,3,0.0
59861,2,0.0
59865,2,0.0
59867,3,0.0
59869,15,0.01
59888,1,0.0
59893,7,0.01
59895,2,0.0
59900,1178,0.85
59905,2,0.0
59908,142,0.1
59910,61,0.04
59912,41,0.03
59915,100,0.07
59922,2,0.0
59935,48,0.03
59938,19,0.01
59942,5,0.0
59945,31,0.02
59947,7,0.01
59954,5,0.0
59960,16,0.01
59974,2,0.0
59976,46,0.03
59985,293,0.21
59988,4,0.0
59995,513,0.37
60007,82,0.06
60014,8,0.01
60020,65,0.05
60030,19,0.01
60032,25,0.02
60037,1212,0.88
60040,2711,1.96
60044,52,0.04
60046,58,0.04
60059,5,0.0
60069,12176,8.79
60072,2482,1.79
60074,3178,2.29
60086,2,0.0
60096,13,0.01
60103,37,0.03
60106,11,0.01
60110,16,0.01
60124,10,0.01
60126,1635,1.18
60128,143,0.1
60133,50,0.04
60135,36,0.03
60137,60,0.04
60141,133,0.1
60145,3,0.0
60147,29,0.02
60150,8,0.01
60161,1011,0.73
60179,17,0.01
60183,5,0.0
60189,18,0.01
60193,10,0.01
60198,6,0.0
60201,48,0.03
60213,18,0.01
60223,5,0.0
60225,7,0.01
60227,7,0.01
60229,5,0.0
60231,2,0.0
60237,4,0.0
60240,2,0.0
60243,10,0.01
60256,3,0.0
60259,19,0.01
60284,7,0.01
60286,23,0.02
60289,78,0.06
60291,333,0.24
60293,432,0.31
60295,104,0.08
60299,1,0.0
60303,27,0.02
60309,8,0.01
60311,34,0.02
60314,11,0.01
60316,8,0.01
60322,30,0.02
60333,376,0.27
60336,24,0.02
60338,43,0.03
60341,93,0.07
60343,13,0.01
60353,9,0.01
60356,4,0.0
60363,174,0.13
60365,57,0.04
60376,6,0.0
60382,177,0.13
60384,30,0.02
60389,50,0.04
60391,13,0.01
60393,11,0.01
60397,1163,0.84
60405,52,0.04
60408,190,0.14
60411,27,0.02
60418,94,0.07
60421,7,0.01
60436,14,0.01
60450,13,0.01
60461,39,0.03
60463,43,0.03
60469,12,0.01
60471,93,0.07
60475,10,0.01
60479,24,0.02
60482,104,0.08
60484,12,0.01
60487,712,0.51
60494,2,0.0
60503,111,0.08
60508,5,0.0
60514,626,0.45
60516,232,0.17
60522,103,0.07
60524,24,0.02
60526,46,0.03
60530,73,0.05
60538,56,0.04
60544,12,0.01
60546,13,0.01
60551,41,0.03
60566,77,0.06
60568,5,0.0
60579,41,0.03
60585,11,0.01
60590,16,0.01
60599,34,0.02
60609,231,0.17
60616,1,0.0
60618,14,0.01
60625,22,0.02
60641,14,0.01
60647,410,0.3
60649,98,0.07
60654,37,0.03
60666,16,0.01
60674,396,0.29
60684,5466,3.95
60686,7,0.01
60688,24,0.02
60702,11,0.01
60707,21,0.02
60728,10,0.01
60735,84,0.06
60737,22,0.02
60743,6,0.0
60745,30,0.02
60753,572,0.41
60756,1467,1.06
60758,150,0.11
60760,720,0.52
60763,131,0.09
60766,1257,0.91
60768,12,0.01
60803,39,0.03
60806,36,0.03
60816,210,0.15
60818,171,0.12
60825,15,0.01
60827,10,0.01
60832,161,0.12
60838,2,0.0
60857,59,0.04
60880,3,0.0
60885,22,0.02
60887,7,0.01
60894,70,0.05
60896,3,0.0
60904,122,0.09
60914,5,0.0
60930,3,0.0
60937,730,0.53
60939,168,0.12
60941,219,0.16
60943,430,0.31
60946,20,0.01
60948,175,0.13
60950,1850,1.34
60979,404,0.29
60981,12,0.01
60983,5,0.0
60990,37,0.03
60992,33,0.02
61004,9,0.01
61009,31,0.02
61011,25,0.02
61013,11,0.01
61018,18,0.01
61024,2571,1.86
61026,308,0.22
61031,5,0.0
61035,19,0.01
61037,47,0.03
61041,3,0.0
61048,10,0.01
61071,264,0.19
61073,103,0.07
61075,271,0.2
61083,3,0.0
61091,12,0.01
61100,31,0.02
61108,15,0.01
61110,8,0.01
61116,11,0.01
61123,337,0.24
61132,3320,2.4
61136,22,0.02
61160,843,0.61
61167,148,0.11
61206,20,0.01
61210,164,0.12
61215,34,0.02
61236,1013,0.73
61240,3040,2.2
61246,255,0.18
61248,872,0.63
61250,452,0.33
61253,16,0.01
61255,240,0.17
61257,102,0.07
61262,365,0.26
61264,23,0.02
61267,50,0.04
61269,16,0.01
61279,11,0.01
61285,7,0.01
61289,177,0.13
61301,11,0.01
61312,38,0.03
61314,25,0.02
61317,11,0.01
61319,47,0.03
61323,4158,3.0
61348,397,0.29
61350,690,0.5
61352,554,0.4
61354,81,0.06
61357,54,0.04
61361,130,0.09
61373,16,0.01
61394,214,0.15
61396,9,0.01
61398,25,0.02
61401,439,0.32
61406,93,0.07
61414,10,0.01
61434,9,0.01
61449,68,0.05
61451,13,0.01
61465,427,0.31
61467,12,0.01
61470,22,0.02
61473,26,0.02
61475,4,0.0
61493,29,0.02
61553,4,0.0
61560,2,0.0
61567,35,0.03
61586,10,0.01
61628,8,0.01
61634,10,0.01
61638,3,0.0
61646,92,0.07
61678,109,0.08
61692,49,0.04
61695,4,0.0
61697,431,0.31
61705,277,0.2
61707,12,0.01
61724,71,0.05
61729,893,0.64
61742,37,0.03
61768,8,0.01
61816,44,0.03
61818,51,0.04
61862,27,0.02
61868,1,0.0
61913,7,0.01
61931,28,0.02
61934,24,0.02
61937,56,0.04
61941,69,0.05
61948,80,0.06
61950,32,0.02
61961,31,0.02
61967,71,0.05
61970,3,0.0
61986,396,0.29
61991,94,0.07
61994,10,0.01
62000,22,0.02
62008,4,0.0
62010,33,0.02
62014,6,0.0
62049,428,0.31
62054,7,0.01
62063,8,0.01
62081,1110,0.8
62113,491,0.35
62115,26,0.02
62137,152,0.11
62153,18,0.01
62155,1049,0.76
62157,13,0.01
62198,26,0.02
62203,287,0.21
62206,2,0.0
62208,12,0.01
62213,4,0.0
62235,136,0.1
62237,2,0.0
62245,25,0.02
62250,363,0.26
62254,10,0.01
62265,225,0.16
62277,11,0.01
62293,518,0.37
62299,35,0.03
62304,10,0.01
62331,46,0.03
62334,6,0.0
62336,679,0.49
62344,594,0.43
62374,1222,0.88
62376,701,0.51
62378,36,0.03
62383,70,0.05
62385,11,0.01
62390,22,0.02
62394,751,0.54
62420,8,0.01
62434,1880,1.36
62437,519,0.37
62439,231,0.17
62467,1,0.0
62474,6,0.0
62511,896,0.65
62514,4,0.0
62526,40,0.03
62553,245,0.18
62577,133,0.1
62586,67,0.05
62594,21,0.02
62644,522,0.38
62660,7,0.01
62662,21,0.02
62669,6,0.0
62671,4,0.0
62718,109,0.08
62721,11,0.01
62726,19,0.01
62729,26,0.02
62733,360,0.26
62761,2,0.0
62764,34,0.02
62781,3,0.0
62788,77,0.06
62792,284,0.21
62796,32,0.02
62799,148,0.11
62801,101,0.07
62803,86,0.06
62834,117,0.08
62836,103,0.07
62847,5,0.0
62849,1394,1.01
62851,8,0.01
62912,272,0.2
62916,5,0.0
62920,3,0.0
62925,33,0.02
62953,3,0.0
62956,958,0.69
62970,172,0.12
62972,13,0.01
62974,39,0.03
62999,1038,0.75
63001,6,0.0
63007,1,0.0
63033,512,0.37
63062,1838,1.33
63069,19,0.01
63072,1438,1.04
63082,9208,6.65
63113,3178,2.29
63119,22,0.02
63121,18,0.01
63131,1930,1.39
63134,2,0.0
63141,1,0.0
63179,85,0.06
63181,64,0.05
63187,2,0.0
63189,129,0.09
63194,28,0.02
63222,299,0.22
63226,8,0.01
63229,2,0.0
63237,29,0.02
63239,106,0.08
63271,1,0.0
63273,29,0.02
63276,40,0.03
63278,1,0.0
63283,9,0.01
63310,20,0.01
63312,53,0.04
63327,4,0.0
63329,66,0.05
63332,7,0.01
63339,4,0.0
63391,12,0.01
63393,121,0.09
63433,379,0.27
63436,615,0.44
63446,82,0.06
63458,46,0.03
63468,4,0.0
63479,500,0.36
63481,46,0.03
63483,7,0.01
63515,145,0.1
63540,178,0.13
63544,11,0.01
63590,6,0.0
63617,12,0.01
63629,9,0.01
63645,20,0.01
63647,13,0.01
63662,4,0.0
63676,55,0.04
63688,2,0.0
63692,2,0.0
63698,66,0.05
63758,4,0.0
63760,7,0.01
63768,11,0.01
63772,5,0.0
63781,6,0.0
63788,25,0.02
63791,8,0.01
63793,19,0.01
63806,4,0.0
63808,336,0.24
63810,3,0.0
63826,164,0.12
63828,48,0.03
63836,24,0.02
63840,2,0.0
63853,917,0.66
63859,1658,1.2
63862,4,0.0
63876,2586,1.87
63989,29,0.02
63992,2156,1.56
64010,58,0.04
64030,711,0.51
64032,315,0.23
64034,1008,0.73
64037,88,0.06
64099,2,0.0
64114,103,0.07
64116,181,0.13
64153,10,0.01
64167,73,0.05
64197,460,0.33
64229,119,0.09
64231,263,0.19
64234,47,0.03
64236,39,0.03
64241,13,0.01
64243,11,0.01
64245,9,0.01
64249,271,0.2
64273,31,0.02
64275,7,0.01
64278,113,0.08
64280,6,0.0
64283,12,0.01
64285,495,0.36
64288,5,0.0
64321,21,0.02
64325,6,0.0
64327,1,0.0
64338,20,0.01
64365,1,0.0
64368,9,0.01
64385,9,0.01
64408,3,0.0
64410,4,0.0
64418,17,0.01
64424,3,0.0
64427,6,0.0
64497,1130,0.82
64499,361,0.26
64501,216,0.16
64508,174,0.13
64511,30,0.02
64517,4,0.0
64519,25,0.02
64522,6,0.0
64524,21,0.02
64548,4,0.0
64550,5,0.0
64552,2,0.0
64575,1554,1.12
64577,14,0.01
64611,4,0.0
64614,6379,4.61
64620,2059,1.49
64622,1550,1.12
64645,2,0.0
64650,14,0.01
64652,11,0.01
64658,6,0.0
64660,10,0.01
64695,35,0.03
64701,285,0.21
64704,1,0.0
64716,1406,1.02
64747,4,0.0
64750,15,0.01
64754,2,0.0
64784,2,0.0
64793,3,0.0
64839,4012,2.9
64845,15,0.01
64895,6,0.0
64897,4,0.0
64900,39,0.03
64903,7,0.01
64906,10,0.01
64918,6,0.0
64921,7,0.01
64923,4,0.0
64926,6,0.0
64930,49,0.04
64942,19,0.01
64944,1,0.0
64953,10,0.01
64957,4383,3.16
64959,3,0.0
64969,1863,1.35
64976,8,0.01
64979,2,0.0
64983,1124,0.81
64986,36,0.03
64990,10,0.01
64993,269,0.19
64997,435,0.31
64999,28,0.02
65001,20,0.01
65006,6,0.0
65011,5,0.0
65025,2,0.0
65027,3,0.0
65033,6,0.0
65037,141,0.1
65045,59,0.04
65051,4,0.0
65063,8,0.01
65088,641,0.46
65091,22,0.02
65111,8,0.01
65126,487,0.35
65130,1030,0.74
65133,278,0.2
65135,390,0.28
65142,81,0.06
65155,40,0.03
65181,35,0.03
65188,446,0.32
65193,113,0.08
65204,8,0.01
65216,779,0.56
65225,228,0.16
65227,6,0.0
65230,845,0.61
65235,24,0.02
65238,9,0.01
65243,23,0.02
65256,35,0.03
65259,34,0.02
65261,1444,1.04
65263,3,0.0
65267,2,0.0
65277,1,0.0
65288,8,0.01
65290,10,0.01
65293,9,0.01
65300,30,0.02
65304,6,0.0
65310,53,0.04
65315,38,0.03
65350,10,0.01
65352,7,0.01
65357,18,0.01
65359,62,0.04
65370,2,0.0
65381,4,0.0
65387,2,0.0
65400,27,0.02
65418,217,0.16
65435,102,0.07
65465,264,0.19
65468,2,0.0
65514,1111,0.8
65518,9,0.01
65521,8,0.01
65538,7,0.01
65552,47,0.03
65556,3,0.0
65558,6,0.0
65562,5,0.0
65564,5,0.0
65567,141,0.1
65577,236,0.17
65585,528,0.38
65588,86,0.06
65596,190,0.14
65601,193,0.14
65603,11,0.01
65612,203,0.15
65614,4,0.0
65621,1,0.0
65629,1,0.0
65631,77,0.06
65633,4,0.0
65638,2,0.0
65640,4,0.0
65642,695,0.5
65651,10,0.01
65660,43,0.03
65665,38,0.03
65667,11,0.01
65669,7,0.01
65672,29,0.02
65682,902,0.65
65685,341,0.25
65696,2,0.0
65698,2,0.0
65702,6,0.0
65709,43,0.03
65721,16,0.01
65729,1,0.0
65731,55,0.04
65738,64,0.05
65740,53,0.04
65762,2,0.0
65764,5,0.0
65770,10,0.01
65772,45,0.03
65780,3,0.0
65796,19,0.01
65802,508,0.37
65810,135,0.1
65813,166,0.12
65817,72,0.05
65840,4,0.0
65845,17,0.01
65866,7,0.01
65868,213,0.15
65878,3,0.0
65882,218,0.16
65894,48,0.03
65899,76,0.05
65907,10,0.01
65909,1,0.0
65927,27,0.02
65930,3,0.0
65932,4,0.0
65935,10,0.01
65939,109,0.08
65974,14,0.01
65982,373,0.27
65984,7,0.01
65986,5,0.0
65994,4,0.0
66006,3,0.0
66008,1,0.0
66015,26,0.02
66019,20,0.01
66025,8,0.01
66036,1,0.0
66051,4,0.0
66053,8,0.01
66057,1,0.0
66059,31,0.02
66066,85,0.06
66068,15,0.01
66090,232,0.17
66092,22,0.02
66097,3258,2.35
66105,7,0.01
66118,17,0.01
66130,225,0.16
66140,14,0.01
66152,15,0.01
66156,103,0.07
66171,712,0.51
66198,492,0.36
66200,206,0.15
66203,1051,0.76
66234,23,0.02
66240,125,0.09
66246,32,0.02
66250,1,0.0
66252,4,0.0
66268,1,0.0
66279,42,0.03
66282,5,0.0
66284,7,0.01
66289,15,0.01
66295,10,0.01
66297,701,0.51
66302,21,0.02
66304,111,0.08
66306,1,0.0
66310,64,0.05
66317,82,0.06
66320,63,0.05
66323,15,0.01
66330,52,0.04
66335,190,0.14
66337,26,0.02
66339,13,0.01
66344,9,0.01
66352,6,0.0
66354,65,0.05
66365,40,0.03
66369,10,0.01
66371,584,0.42
66385,155,0.11
66389,1,0.0
66427,156,0.11
66437,2,0.0
66440,8,0.01
66472,7,0.01
66491,1,0.0
66503,13,0.01
66506,28,0.02
66509,938,0.68
66511,67,0.05
66513,2,0.0
66517,29,0.02
66537,3,0.0
66539,2,0.0
66544,95,0.07
66547,73,0.05
66549,9,0.01
66551,10,0.01
66553,3,0.0
66579,6,0.0
66581,50,0.04
66584,6,0.0
66586,8,0.01
66590,3,0.0
66592,7,0.01
66596,76,0.05
66614,6,0.0
66618,20,0.01
66620,2,0.0
66639,133,0.1
66652,14,0.01
66655,9,0.01
66659,56,0.04
66662,2,0.0
66665,874,0.63
66667,5,0.0
66686,12,0.01
66691,135,0.1
66701,5,0.0
66718,14,0.01
66720,4,0.0
66744,106,0.08
66758,7,0.01
66762,79,0.06
66783,256,0.18
66785,253,0.18
66789,45,0.03
66798,217,0.16
66801,33,0.02
66808,53,0.04
66811,3,0.0
66813,11,0.01
66815,1,0.0
66854,9,0.01
66857,6,0.0
66859,6,0.0
66861,4,0.0
66866,8,0.01
66868,5,0.0
66870,66,0.05
66897,4,0.0
66900,10,0.01
66902,17,0.01
66904,1,0.0
66915,89,0.06
66927,4,0.0
66932,6,0.0
66934,3108,2.24
66941,7,0.01
66943,50,0.04
66947,8,0.01
66977,5,0.0
66979,10,0.01
66981,3,0.0
66983,3,0.0
67009,7,0.01
67068,77,0.06
67070,12,0.01
67073,149,0.11
67087,2051,1.48
67096,15,0.01
67098,25,0.02
67135,3,0.0
67138,64,0.05
67140,26,0.02
67168,83,0.06
67186,226,0.16
67190,4,0.0
67193,515,0.37
67197,1241,0.9
67223,87,0.06
67233,5,0.0
67247,2,0.0
67252,150,0.11
67255,2833,2.05
67257,7,0.01
67267,682,0.49
67295,596,0.43
67298,3,0.0
67300,3,0.0
67314,9,0.01
67316,1,0.0
67331,5,0.0
67354,13,0.01
67356,10,0.01
67359,7,0.01
67361,105,0.08
67363,10,0.01
67365,44,0.03
67370,8,0.01
67405,28,0.02
67408,1029,0.74
67420,20,0.01
67422,51,0.04
67424,5,0.0
67429,149,0.11
67457,11,0.01
67459,16,0.01
67464,15,0.01
67501,12,0.01
67504,24,0.02
67508,339,0.24
67534,114,0.08
67536,6,0.0
67603,9,0.01
67607,29,0.02
67618,46,0.03
67620,151,0.11
67624,15,0.01
67665,449,0.32
67667,10,0.01
67675,2,0.0
67695,423,0.31
67702,9,0.01
67704,2,0.0
67706,13,0.01
67734,1512,1.09
67744,8,0.01
67748,22,0.02
67784,49,0.04
67788,485,0.35
67792,36,0.03
67799,191,0.14
67801,102,0.07
67803,2,0.0
67809,2,0.0
67812,11,0.01
67839,63,0.05
67845,7,0.01
67847,10,0.01
67850,7,0.01
67852,1,0.0
67865,7,0.01
67867,323,0.23
67869,25,0.02
67871,28,0.02
67873,3,0.0
67876,2,0.0
67878,1,0.0
67881,1,0.0
67888,11,0.01
67890,9,0.01
67892,7,0.01
67894,12,0.01
67896,3,0.0
67898,20,0.01
67900,7,0.01
67907,26,0.02
67923,730,0.53
67925,8,0.01
67927,18,0.01
67929,13,0.01
67931,6,0.0
67949,22,0.02
67957,45,0.03
67980,11,0.01
67983,16,0.01
67997,934,0.67
67999,54,0.04
68012,4,0.0
68028,53,0.04
68039,6,0.0
68044,7,0.01
68067,4,0.0
68069,30,0.02
68073,1060,0.77
68099,62,0.04
68115,12,0.01
68128,9,0.01
68135,1323,0.96
68137,7,0.01
68153,12,0.01
68157,9447,6.82
68159,943,0.68
68161,1,0.0
68163,4,0.0
68168,8,0.01
68173,29,0.02
68175,6,0.0
68177,2,0.0
68180,8,0.01
68194,408,0.29
68201,7,0.01
68205,797,0.58
68214,8,0.01
68216,3,0.0
68222,1,0.0
68226,12,0.01
68233,1,0.0
68237,4867,3.51
68242,3,0.0
68244,7,0.01
68246,2,0.0
68254,4,0.0
68259,12,0.01
68263,73,0.05
68265,2,0.0
68269,445,0.32
68271,8,0.01
68273,20,0.01
68288,71,0.05
68314,1,0.0
68319,2821,2.04
68324,153,0.11
68329,2,0.0
68337,4,0.0
68339,4,0.0
68347,412,0.3
68349,9,0.01
68358,7690,5.55
68392,19,0.01
68411,6,0.0
68442,73,0.05
68444,127,0.09
68462,4,0.0
68472,66,0.05
68474,4,0.0
68480,6,0.0
68482,37,0.03
68484,6,0.0
68486,210,0.15
68489,7,0.01
68495,4,0.0
68498,8,0.01
68511,68,0.05
68513,21,0.02
68515,4,0.0
68517,9,0.01
68519,165,0.12
68522,325,0.23
68524,4,0.0
68533,4,0.0
68536,211,0.15
68539,2,0.0
68541,4,0.0
68544,2,0.0
68548,18,0.01
68552,112,0.08
68554,1826,1.32
68572,4,0.0
68574,5,0.0
68576,2,0.0
68590,3,0.0
68593,4,0.0
68597,23,0.02
68600,43,0.03
68612,41,0.03
68614,15,0.01
68645,4,0.0
68647,3,0.0
68650,86,0.06
68653,13,0.01
68659,407,0.29
68662,12,0.01
68664,2,0.0
68667,17,0.01
68674,23,0.02
68676,2,0.0
68685,50,0.04
68690,43,0.03
68749,132,0.1
68791,2128,1.54
68793,727,0.52
68831,10,0.01
68833,3,0.0
68835,57,0.04
68838,61,0.04
68843,125,0.09
68848,678,0.49
68853,4,0.0
68855,3,0.0
68858,47,0.03
68865,3,0.0
68868,21,0.02
68872,45,0.03
68874,35,0.03
68884,16,0.01
68886,40,0.03
68890,7,0.01
68892,13,0.01
68897,6,0.0
68899,6,0.0
68901,54,0.04
68915,6,0.0
68919,13,0.01
68921,6,0.0
68923,21,0.02
68932,313,0.23
68941,250,0.18
68943,6,0.0
68945,223,0.16
68952,1145,0.83
68954,9264,6.69
68956,39,0.03
68959,149,0.11
68963,146,0.11
68965,57,0.04
68967,74,0.05
68974,6,0.0
68976,17,0.01
69005,10,0.01
69007,6,0.0
69027,71,0.05
69039,3,0.0
69042,4,0.0
69061,10,0.01
69069,186,0.13
69072,10,0.01
69075,20,0.01
69088,59,0.04
69093,47,0.03
69103,8,0.01
69118,70,0.05
69122,7656,5.53
69131,86,0.06
69134,784,0.57
69136,19,0.01
69140,258,0.19
69155,5,0.0
69159,4,0.0
69169,8,0.01
69187,13,0.01
69195,2,0.0
69199,6,0.0
69201,5,0.0
69203,4,0.0
69211,17,0.01
69213,12,0.01
69217,2,0.0
69219,13,0.01
69222,4,0.0
69224,8,0.01
69227,43,0.03
69231,8,0.01
69233,9,0.01
69241,41,0.03
69243,17,0.01
69251,63,0.05
69253,191,0.14
69255,5,0.0
69269,22,0.02
69275,359,0.26
69278,380,0.27
69280,19,0.01
69284,27,0.02
69299,9,0.01
69302,8,0.01
69304,56,0.04
69306,659,0.48
69310,7,0.01
69324,138,0.1
69336,1,0.0
69339,38,0.03
69341,5,0.0
69354,10,0.01
69356,21,0.02
69358,18,0.01
69361,1,0.0
69370,5,0.0
69372,37,0.03
69374,12,0.01
69379,1,0.0
69381,50,0.04
69387,5,0.0
69394,143,0.1
69406,1374,0.99
69419,7,0.01
69421,20,0.01
69429,10,0.01
69432,15,0.01
69436,605,0.44
69438,45,0.03
69442,15,0.01
69444,10,0.01
69446,5,0.0
69448,17,0.01
69451,9,0.01
69453,32,0.02
69458,225,0.16
69460,5,0.0
69464,10,0.01
69466,30,0.02
69469,26,0.02
69475,3,0.0
69481,3965,2.86
69483,9,0.01
69485,2,0.0
69487,1,0.0
69489,12,0.01
69493,2,0.0
69495,25,0.02
69498,32,0.02
69500,5,0.0
69503,10,0.01
69506,7,0.01
69509,15,0.01
69516,154,0.11
69518,2,0.0
69521,14,0.01
69524,233,0.17
69526,2012,1.45
69529,189,0.14
69542,54,0.04
69552,27,0.02
69559,7,0.01
69569,3,0.0
69574,113,0.08
69604,603,0.44
69606,345,0.25
69609,2,0.0
69611,11,0.01
69626,19,0.01
69640,1269,0.92
69644,979,0.71
69652,2,0.0
69654,113,0.08
69666,15,0.01
69670,2,0.0
69674,3,0.0
69677,14,0.01
69685,167,0.12
69687,2,0.0
69689,9,0.01
69699,18,0.01
69701,7,0.01
69704,27,0.02
69706,2,0.0
69708,3,0.0
69712,356,0.26
69714,12,0.01
69720,12,0.01
69722,6,0.0
69729,5,0.0
69732,3,0.0
69744,6,0.0
69746,252,0.18
69748,7,0.01
69753,6,0.0
69755,2,0.0
69757,5767,4.16
69761,15,0.01
69766,2,0.0
69768,7,0.01
69771,16,0.01
69773,10,0.01
69784,1276,0.92
69786,8,0.01
69788,5,0.0
69792,17,0.01
69800,1,0.0
69803,18,0.01
69805,86,0.06
69809,15,0.01
69811,1,0.0
69818,122,0.09
69821,8,0.01
69830,33,0.02
69842,53,0.04
69844,4245,3.07
69849,421,0.3
69856,5,0.0
69858,8,0.01
69860,12,0.01
69873,29,0.02
69878,4,0.0
69880,1,0.0
69904,36,0.03
69906,7,0.01
69908,16,0.01
69911,18,0.01
69917,24,0.02
69919,10,0.01
69926,17,0.01
69928,11,0.01
69931,4,0.0
69934,68,0.05
69945,80,0.06
69947,11,0.01
69949,19,0.01
69951,1190,0.86
69953,24,0.02
69957,6,0.0
69964,5,0.0
69971,14,0.01
69974,23,0.02
69979,6,0.0
69981,6,0.0
69986,7,0.01
69988,101,0.07
69992,41,0.03
69995,101,0.07
70008,3,0.0
70015,37,0.03
70032,93,0.07
70046,21,0.02
70048,10,0.01
70050,2,0.0
70062,5,0.0
70064,14,0.01
70088,15,0.01
70093,56,0.04
70102,35,0.03
70118,4,0.0
70121,22,0.02
70126,4,0.0
70128,3,0.0
70130,13,0.01
70133,53,0.04
70146,2,0.0
70148,2,0.0
70152,3,0.0
70155,3,0.0
70157,8,0.01
70159,477,0.34
70173,5,0.0
70175,19,0.01
70181,2,0.0
70183,711,0.51
70186,21,0.02
70188,26,0.02
70197,3,0.0
70201,33,0.02
70204,2,0.0
70206,98,0.07
70208,242,0.17
70223,14,0.01
70227,6,0.0
70229,16,0.01
70235,15,0.01
70237,5,0.0
70282,117,0.08
70286,8038,5.8
70293,1330,0.96
70295,29,0.02
70301,86,0.06
70305,260,0.19
70315,5,0.0
70318,2,0.0
70331,1,0.0
70334,182,0.13
70336,982,0.71
70342,66,0.05
70344,122,0.09
70355,1,0.0
70361,204,0.15
70366,24,0.02
70370,2,0.0
70374,4,0.0
70377,11,0.01
70410,57,0.04
70418,11,0.01
70421,3,0.0
70423,9,0.01
70425,8,0.01
70432,60,0.04
70451,169,0.12
70465,30,0.02
70488,3,0.0
70490,3,0.0
70492,6,0.0
70495,12,0.01
70497,34,0.02
70500,4,0.0
70507,14,0.01
70511,3,0.0
70513,5,0.0
70517,6,0.0
70521,125,0.09
70529,2,0.0
70531,2,0.0
70533,272,0.2
70535,10,0.01
70537,6,0.0
70541,13,0.01
70543,8,0.01
70545,11,0.01
70549,8,0.01
70559,9,0.01
70562,56,0.04
70565,111,0.08
70567,350,0.25
70571,11,0.01
70587,35,0.03
70591,3,0.0
70593,3,0.0
70595,19,0.01
70597,91,0.07
70599,820,0.59
70607,41,0.03
70609,3,0.0
70611,2,0.0
70629,15,0.01
70637,35,0.03
70641,82,0.06
70643,75,0.05
70649,10,0.01
70656,25,0.02
70659,20,0.01
70661,12,0.01
70663,166,0.12
70670,22,0.02
70678,3,0.0
70682,16,0.01
70684,1,0.0
70687,132,0.1
70689,8,0.01
70695,30,0.02
70697,183,0.13
70703,8,0.01
70706,76,0.05
70708,67,0.05
70712,10,0.01
70722,6,0.0
70724,11,0.01
70726,35,0.03
70728,290,0.21
70730,4,0.0
70740,5,0.0
70742,33,0.02
70751,2,0.0
70762,11,0.01
70769,74,0.05
70789,3,0.0
70792,2,0.0
70795,4,0.0
70797,3,0.0
70800,3,0.0
70802,33,0.02
70804,16,0.01
70806,14,0.01
70817,3,0.0
70819,2,0.0
70821,6,0.0
70824,21,0.02
70826,2,0.0
70828,22,0.02
70831,9,0.01
70833,10,0.01
70839,8,0.01
70843,7,0.01
70846,86,0.06
70849,102,0.07
70862,228,0.16
70864,25,0.02
70867,5,0.0
70869,5,0.0
70871,38,0.03
70877,10,0.01
70880,10,0.01
70887,13,0.01
70889,3,0.0
70891,4,0.0
70898,74,0.05
70912,67,0.05
70914,3,0.0
70920,1,0.0
70924,1,0.0
70927,25,0.02
70932,115,0.08
70946,111,0.08
70948,8,0.01
70958,21,0.02
70961,8,0.01
70964,9,0.01
70968,13,0.01
70970,23,0.02
70976,12,0.01
70978,17,0.01
70984,230,0.17
70988,11,0.01
70990,35,0.03
70992,33,0.02
70994,163,0.12
71007,6,0.0
71011,48,0.03
71014,16,0.01
71017,5,0.0
71027,10,0.01
71029,16,0.01
71033,1191,0.86
71047,3,0.0
71057,1467,1.06
71065,1,0.0
71067,6,0.0
71069,9,0.01
71094,1,0.0
71096,5,0.0
71102,9,0.01
71104,6,0.0
71106,457,0.33
71108,526,0.38
71110,9,0.01
71112,5,0.0
71114,4,0.0
71116,30,0.02
71129,245,0.18
71131,307,0.22
71133,8,0.01
71135,934,0.67
71139,6,0.0
71141,19,0.01
71143,11,0.01
71147,10,0.01
71152,11,0.01
71154,15,0.01
71156,1261,0.91
71158,2,0.0
71160,39,0.03
71164,7,0.01
71168,7,0.01
71170,19,0.01
71178,21,0.02
71180,18,0.01
71182,10,0.01
71184,41,0.03
71187,11,0.01
71189,23,0.02
71199,20,0.01
71201,10,0.01
71203,16,0.01
71205,434,0.31
71211,783,0.57
71216,4,0.0
71237,1,0.0
71239,33,0.02
71241,7,0.01
71243,8,0.01
71246,48,0.03
71248,406,0.29
71252,382,0.28
71254,665,0.48
71264,1069,0.77
71266,1,0.0
71268,14,0.01
71276,2,0.0
71278,2,0.0
71280,5,0.0
71282,794,0.57
71285,22,0.02
71300,1,0.0
71302,48,0.03
71304,267,0.19
71318,84,0.06
71322,29,0.02
71325,155,0.11
71327,226,0.16
71341,24,0.02
71343,6,0.0
71348,3,0.0
71350,7,0.01
71357,2,0.0
71361,4,0.0
71363,2,0.0
71372,33,0.02
71374,47,0.03
71376,10,0.01
71379,1120,0.81
71382,5,0.0
71384,2,0.0
71386,3,0.0
71390,58,0.04
71402,5,0.0
71404,15,0.01
71409,5,0.0
71413,11,0.01
71416,12,0.01
71418,36,0.03
71426,7,0.01
71429,310,0.22
71433,8,0.01
71438,80,0.06
71442,13,0.01
71444,9,0.01
71446,12,0.01
71448,13,0.01
71450,458,0.33
71453,8,0.01
71458,3,0.0
71460,130,0.09
71462,629,0.45
71464,1275,0.92
71466,438,0.32
71468,274,0.2
71472,14,0.01
71474,3,0.0
71482,9,0.01
71484,118,0.09
71486,8,0.01
71488,6,0.0
71490,33,0.02
71494,44,0.03
71497,6,0.0
71500,318,0.23
71503,18,0.01
71518,687,0.5
71520,876,0.63
71522,10,0.01
71525,8,0.01
71530,1272,0.92
71533,35,0.03
71535,5429,3.92
71537,96,0.07
71542,147,0.11
71545,8,0.01
71550,98,0.07
71556,13,0.01
71558,14,0.01
71560,27,0.02
71571,82,0.06
71573,150,0.11
71575,47,0.03
71579,1082,0.78
71582,4,0.0
71591,22,0.02
71606,6,0.0
71619,234,0.17
71634,12,0.01
71638,8,0.01
71640,25,0.02
71650,15,0.01
71653,5,0.0
71664,19,0.01
71668,421,0.3
71670,240,0.17
71675,4,0.0
71677,13,0.01
71685,3,0.0
71688,57,0.04
71691,95,0.07
71693,16,0.01
71695,35,0.03
71697,3,0.0
71700,90,0.06
71702,1,0.0
71705,2,0.0
71707,11,0.01
71709,4,0.0
71717,11,0.01
71719,7,0.01
71726,2,0.0
71728,39,0.03
71730,6,0.0
71732,98,0.07
71736,5,0.0
71738,14,0.01
71740,15,0.01
71743,7,0.01
71745,1174,0.85
71748,6,0.0
71750,5,0.0
71755,5,0.0
71758,6,0.0
71760,5,0.0
71762,9,0.01
71765,8,0.01
71779,11,0.01
71792,17,0.01
71795,1,0.0
71804,4,0.0
71806,3,0.0
71808,5,0.0
71810,58,0.04
71817,21,0.02
71821,25,0.02
71823,202,0.15
71838,893,0.64
71840,18,0.01
71851,6,0.0
71865,4,0.0
71867,48,0.03
71873,3,0.0
71876,133,0.1
71878,100,0.07
71888,3,0.0
71899,1334,0.96
71902,106,0.08
71910,106,0.08
71926,73,0.05
71928,93,0.07
71931,4,0.0
71933,3,0.0
71936,11,0.01
71938,13,0.01
71940,4,0.0
71942,5,0.0
71966,10,0.01
71970,14,0.01
71973,10,0.01
71976,11,0.01
71978,13,0.01
71980,11,0.01
71986,3,0.0
71989,10,0.01
71991,31,0.02
71993,8,0.01
71995,5,0.0
71999,19,0.01
72001,4,0.0
72011,3600,2.6
72013,9,0.01
72016,1,0.0
72018,15,0.01
72022,2,0.0
72027,4,0.0
72030,12,0.01
72032,4,0.0
72035,16,0.01
72037,13,0.01
72039,52,0.04
72041,21,0.02
72043,141,0.1
72045,10,0.01
72090,6,0.0
72092,10,0.01
72094,5,0.0
72096,10,0.01
72100,4,0.0
72102,7,0.01
72104,46,0.03
72109,13,0.01
72113,60,0.04
72117,53,0.04
72124,6,0.0
72129,425,0.31
72131,223,0.16
72142,58,0.04
72153,6,0.0
72156,14,0.01
72159,14,0.01
72161,8,0.01
72163,9,0.01
72165,205,0.15
72167,403,0.29
72169,121,0.09
72171,332,0.24
72176,165,0.12
72178,13,0.01
72204,7,0.01
72209,203,0.15
72212,15,0.01
72216,2,0.0
72224,94,0.07
72226,2778,2.01
72228,97,0.07
72235,1,0.0
72249,61,0.04
72258,8,0.01
72261,47,0.03
72263,11,0.01
72265,7,0.01
72267,2,0.0
72273,6,0.0
72276,6,0.0
72281,4,0.0
72283,11,0.01
72287,2,0.0
72290,8,0.01
72292,6,0.0
72294,327,0.24
72298,10,0.01
72300,2,0.0
72302,5,0.0
72304,8,0.01
72308,327,0.24
72310,11,0.01
72315,3,0.0
72321,7,0.01
72327,9,0.01
72330,72,0.05
72332,5,0.0
72334,17,0.01
72336,4,0.0
72340,9,0.01
72342,2,0.0
72344,3,0.0
72356,315,0.23
72360,11,0.01
72363,2,0.0
72367,80,0.06
72369,19,0.01
72378,2407,1.74
72380,486,0.35
72386,317,0.23
72388,4,0.0
72393,314,0.23
72395,725,0.52
72400,2,0.0
72405,466,0.34
72407,1135,0.82
72424,42,0.03
72479,279,0.2
72483,52,0.04
72485,47,0.03
72489,421,0.3
72491,40,0.03
72505,6,0.0
72507,2,0.0
72512,1,0.0
72516,2,0.0
72524,5,0.0
72537,4,0.0
72552,19,0.01
72554,440,0.32
72557,31,0.02
72559,13,0.01
72571,2,0.0
72574,5,0.0
72583,9,0.01
72585,4,0.0
72587,2,0.0
72589,5,0.0
72591,92,0.07
72593,5,0.0
72601,70,0.05
72603,70,0.05
72605,459,0.33
72607,4,0.0
72609,3,0.0
72612,29,0.02
72618,7,0.01
72621,2,0.0
72624,9,0.01
72626,6,0.0
72628,12,0.01
72630,52,0.04
72632,2,0.0
72634,2,0.0
72637,2,0.0
72641,2123,1.53
72643,9,0.01
72645,5,0.0
72647,8,0.01
72649,3,0.0
72651,5,0.0
72653,1,0.0
72657,3,0.0
72668,32,0.02
72670,12,0.01
72672,14,0.01
72674,4,0.0
72678,2,0.0
72683,2,0.0
72692,39,0.03
72694,123,0.09
72696,135,0.1
72698,5,0.0
72701,279,0.2
72703,121,0.09
72712,50,0.04
72714,73,0.05
72718,23,0.02
72720,844,0.61
72722,8,0.01
72724,7,0.01
72726,7,0.01
72731,664,0.48
72733,847,0.61
72735,18,0.01
72737,833,0.6
72741,259,0.19
72751,18,0.01
72762,151,0.11
72764,17,0.01
72777,38,0.03
72781,4,0.0
72784,4,0.0
72787,43,0.03
72815,5,0.0
72822,8,0.01
72833,6,0.0
72840,2,0.0
72844,10,0.01
72846,4,0.0
72848,4,0.0
72850,8,0.01
72852,15,0.01
72854,3,0.0
72856,5,0.0
72866,2,0.0
72870,3,0.0
72872,3,0.0
72874,38,0.03
72876,4,0.0
72878,5,0.0
72880,5,0.0
72883,7,0.01
72885,3,0.0
72899,9,0.01
72904,9,0.01
72906,1,0.0
72910,1,0.0
72913,16,0.01
72915,7,0.01
72919,229,0.17
72921,41,0.03
72923,4,0.0
72925,3,0.0
72927,6,0.0
72929,6,0.0
72931,12,0.01
72934,10,0.01
72936,4,0.0
72947,19,0.01
72949,17,0.01
72953,7,0.01
72956,1,0.0
72958,18,0.01
72960,3,0.0
72980,58,0.04
72982,115,0.08
72995,10,0.01
72998,9753,7.04
73000,258,0.19
73002,5,0.0
73008,7,0.01
73010,7,0.01
73015,576,0.42
73017,5736,4.14
73023,856,0.62
73025,7,0.01
73027,109,0.08
73031,2,0.0
73042,232,0.17
73049,34,0.02
73051,18,0.01
73056,2,0.0
73060,7,0.01
73064,15,0.01
73086,6,0.0
73089,56,0.04
73099,2,0.0
73101,142,0.1
73106,239,0.17
73109,15,0.01
73111,7,0.01
73114,12,0.01
73117,29,0.02
73121,1,0.0
73123,3,0.0
73125,3,0.0
73133,7,0.01
73135,10,0.01
73137,2,0.0
73139,2,0.0
73143,6,0.0
73145,3,0.0
73148,6,0.0
73150,3,0.0
73152,5,0.0
73154,6,0.0
73158,3,0.0
73160,11,0.01
73162,2,0.0
73165,2,0.0
73168,192,0.14
73170,19,0.01
73183,65,0.05
73185,2,0.0
73188,8,0.01
73194,3,0.0
73196,1,0.0
73198,2,0.0
73200,1,0.0
73202,3,0.0
73204,2,0.0
73208,17,0.01
73211,326,0.24
73224,2,0.0
73226,2,0.0
73228,1,0.0
73230,1,0.0
73232,17,0.01
73234,2,0.0
73236,2,0.0
73240,9,0.01
73245,7,0.01
73256,3,0.0
73261,5,0.0
73266,652,0.47
73268,747,0.54
73270,36,0.03
73276,47,0.03
73284,6,0.0
73286,3,0.0
73290,367,0.26
73304,1,0.0
73306,2,0.0
73314,1,0.0
73317,2,0.0
73319,322,0.23
73321,1782,1.29
73323,833,0.6
73328,11,0.01
73330,6,0.0
73334,3,0.0
73339,6,0.0
73344,1030,0.74
73355,3,0.0
73359,11,0.01
73365,3,0.0
73370,53,0.04
73384,2,0.0
73386,18,0.01
73390,8,0.01
73392,89,0.06
73399,6,0.0
73401,7,0.01
73411,2,0.0
73413,48,0.03
73416,8,0.01
73431,54,0.04
73442,1,0.0
73444,1,0.0
73447,1,0.0
73449,8,0.01
73453,1,0.0
73457,7,0.01
73460,9,0.01
73462,52,0.04
73464,1,0.0
73466,4,0.0
73469,31,0.02
73472,2,0.0
73475,1,0.0
73478,9,0.01
73480,2,0.0
73488,90,0.06
73492,8,0.01
73494,22,0.02
73499,30,0.02
73501,15,0.01
73504,10,0.01
73511,73,0.05
73513,28,0.02
73515,34,0.02
73523,18,0.01
73526,2,0.0
73529,2,0.0
73531,5,0.0
73533,5,0.0
73569,26,0.02
73572,62,0.04
73581,5,0.0
73587,254,0.18
73590,14,0.01
73608,94,0.07
73614,23,0.02
73617,3,0.0
73630,11,0.01
73639,3,0.0
73641,13,0.01
73664,52,0.04
73668,5,0.0
73676,8,0.01
73678,20,0.01
73681,91,0.07
73708,5,0.0
73710,9,0.01
73713,56,0.04
73718,42,0.03
73730,15,0.01
73741,37,0.03
73744,13,0.01
73754,1,0.0
73759,177,0.13
73772,12,0.01
73774,9,0.01
73776,18,0.01
73778,6,0.0
73780,2,0.0
73782,1,0.0
73790,6,0.0
73804,87,0.06
73808,220,0.16
73813,14,0.01
73818,12,0.01
73820,19,0.01
73822,10,0.01
73824,26,0.02
73826,4,0.0
73829,95,0.07
73831,7,0.01
73834,3,0.0
73851,1,0.0
73854,413,0.3
73858,23,0.02
73860,143,0.1
73862,9,0.01
73868,14,0.01
73870,38,0.03
73872,6,0.0
73874,64,0.05
73876,35,0.03
73879,21,0.02
73881,453,0.33
73883,1,0.0
73885,28,0.02
73900,18,0.01
73912,7,0.01
73914,17,0.01
73919,1,0.0
73922,3,0.0
73929,389,0.28
73954,11,0.01
73967,5,0.0
73978,7,0.01
73981,20,0.01
73983,32,0.02
73987,2,0.0
73989,3,0.0
73991,2,0.0
74014,8,0.01
74017,4,0.0
74056,1,0.0
74061,4,0.0
74064,10,0.01
74075,49,0.04
74086,2,0.0
74089,143,0.1
74095,47,0.03
74097,9,0.01
74099,10,0.01
74103,4,0.0
74107,3,0.0
74109,9,0.01
74111,58,0.04
74113,2,0.0
74115,41,0.03
74127,5,0.0
74129,12,0.01
74131,88,0.06
74135,13,0.01
74137,4,0.0
74139,45,0.03
74141,4,0.0
74144,7,0.01
74148,22,0.02
74150,12,0.01
74152,243,0.18
74154,268,0.19
74156,376,0.27
74159,3,0.0
74161,7,0.01
74164,8,0.01
74204,55,0.04
74226,11,0.01
74228,295,0.21
74230,3,0.0
74255,6,0.0
74257,11,0.01
74261,9,0.01
74263,9,0.01
74266,11,0.01
74271,8,0.01
74275,635,0.46
74282,179,0.13
74284,1,0.0
74287,8,0.01
74297,7,0.01
74300,7,0.01
74302,4,0.0
74306,13,0.01
74310,7,0.01
74317,2,0.0
74319,1,0.0
74324,575,0.42
74327,51,0.04
74332,1,0.0
74337,4,0.0
74339,9,0.01
74342,6,0.0
74355,26,0.02
74370,144,0.1
74382,10,0.01
74404,3,0.0
74406,4,0.0
74416,332,0.24
74426,21,0.02
74428,13,0.01
74431,26,0.02
74434,9,0.01
74436,30,0.02
74438,25,0.02
74446,7,0.01
74448,2,0.0
74450,500,0.36
74452,395,0.29
74456,16,0.01
74458,5930,4.28
74471,3,0.0
74473,5,0.0
74475,28,0.02
74478,1,0.0
74480,14,0.01
74484,81,0.06
74486,55,0.04
74488,173,0.12
74491,13,0.01
74493,10,0.01
74504,68,0.05
74506,15,0.01
74508,214,0.15
74510,880,0.64
74512,14,0.01
74530,544,0.39
74532,329,0.24
74538,6,0.0
74541,80,0.06
74545,1189,0.86
74547,5,0.0
74553,311,0.22
74573,66,0.05
74575,12,0.01
74580,113,0.08
74582,48,0.03
74588,8,0.01
74590,8,0.01
74595,4,0.0
74613,4,0.0
74619,7,0.01
74621,19,0.01
74624,272,0.2
74630,12,0.01
74641,12,0.01
74647,19,0.01
74649,16,0.01
74653,20,0.01
74657,21,0.02
74668,247,0.18
74671,2,0.0
74673,3,0.0
74675,3,0.0
74677,194,0.14
74679,2,0.0
74681,11,0.01
74683,11,0.01
74685,578,0.42
74688,299,0.22
74696,49,0.04
74698,171,0.12
74701,15,0.01
74706,7,0.01
74727,103,0.07
74731,53,0.04
74733,14,0.01
74738,15,0.01
74740,78,0.06
74748,9,0.01
74750,201,0.15
74752,37,0.03
74754,156,0.11
74760,8,0.01
74777,4,0.0
74780,5,0.0
74782,1,0.0
74787,84,0.06
74789,2946,2.13
74791,110,0.08
74795,803,0.58
74799,11,0.01
74818,41,0.03
74820,20,0.01
74827,48,0.03
74851,420,0.3
74857,9,0.01
74859,9,0.01
74864,57,0.04
74868,245,0.18
74870,8,0.01
74886,16,0.01
74916,311,0.22
74937,10,0.01
74944,211,0.15
74946,471,0.34
74948,409,0.3
74965,5,0.0
74967,12,0.01
75335,4,0.0
75341,325,0.23
75345,10,0.01
75349,16,0.01
75351,38,0.03
75362,5,0.0
75367,7,0.01
75370,17,0.01
75374,7,0.01
75386,10,0.01
75389,39,0.03
75392,10,0.01
75395,166,0.12
75397,5,0.0
75402,7,0.01
75404,22,0.02
75406,5,0.0
75408,8,0.01
75414,7,0.01
75416,6,0.0
75421,6,0.0
75423,19,0.01
75425,95,0.07
75428,7,0.01
75434,8,0.01
75436,17,0.01
75438,35,0.03
75440,71,0.05
75443,3,0.0
75446,23,0.02
75803,15,0.01
75805,423,0.31
75808,12,0.01
75813,265,0.19
75816,29,0.02
75818,21,0.02
75820,8,0.01
75823,6,0.0
75825,9,0.01
75831,8,0.01
75927,2,0.0
75929,26,0.02
75938,3,0.0
75940,11,0.01
75947,23,0.02
75950,10,0.01
75962,8,0.01
75977,1,0.0
75979,1,0.0
75981,6,0.0
75983,80,0.06
75985,455,0.33
75990,28,0.02
75992,6,0.0
75994,5,0.0
76022,7,0.01
76030,168,0.12
76032,1,0.0
76034,1,0.0
76049,1,0.0
76051,14,0.01
76054,120,0.09
76056,10,0.01
76060,78,0.06
76063,10,0.01
76066,3,0.0
76077,1201,0.87
76079,280,0.2
76082,3,0.0
76085,12,0.01
76087,10,0.01
76089,8,0.01
76091,254,0.18
76093,4761,3.44
76108,52,0.04
76111,64,0.05
76117,10,0.01
76119,36,0.03
76121,3,0.0
76127,45,0.03
76130,97,0.07
76132,14,0.01
76134,16,0.01
76137,14,0.01
76143,18,0.01
76145,5,0.0
76147,45,0.03
76149,4,0.0
76151,26,0.02
76153,6,0.0
76156,3,0.0
76158,37,0.03
76169,10,0.01
76171,12,0.01
76173,399,0.29
76175,957,0.69
76182,4,0.0
76185,1,0.0
76187,8,0.01
76189,7,0.01
76208,13,0.01
76210,286,0.21
76217,6,0.0
76238,3,0.0
76241,5,0.0
76244,18,0.01
76251,4774,3.45
76255,1,0.0
76258,8,0.01
76269,6,0.0
76272,70,0.05
76277,5,0.0
76279,2,0.0
76288,4,0.0
76291,4,0.0
76293,867,0.63
76298,9,0.01
76301,69,0.05
76303,4,0.0
76312,13,0.01
76317,128,0.09
76533,1,0.0
76680,20,0.01
76692,6,0.0
76695,10,0.01
76699,2,0.0
76701,8,0.01
76709,28,0.02
76711,4,0.0
76714,8,0.01
76716,11,0.01
76718,7,0.01
76720,3,0.0
76722,7,0.01
76729,8,0.01
76731,3,0.0
76736,3,0.0
76738,150,0.11
76743,12,0.01
76747,13,0.01
76751,8,0.01
76753,31,0.02
76755,70,0.05
76758,13,0.01
76763,225,0.16
76770,2,0.0
76772,13,0.01
76776,10,0.01
76778,13,0.01
76808,9,0.01
76811,17,0.01
76814,6,0.0
76816,8,0.01
76818,9,0.01
76823,10,0.01
76827,17,0.01
76829,5,0.0
76832,2,0.0
76836,3,0.0
76860,21,0.02
76862,19,0.01
76864,3,0.0
76866,28,0.02
76873,11,0.01
77141,8,0.01
77143,8,0.01
77146,17,0.01
77149,4,0.0
77154,60,0.04
77156,8,0.01
77162,10,0.01
77177,33,0.02
77179,7,0.01
77181,6,0.0
77184,8,0.01
77189,6,0.0
77191,184,0.13
77201,218,0.16
77204,39,0.03
77206,154,0.11
77208,25,0.02
77210,5,0.0
77212,5,0.0
77217,5,0.0
77223,7,0.01
77229,3,0.0
77231,3,0.0
77233,66,0.05
77238,8,0.01
77240,131,0.09
77259,9,0.01
77264,38,0.03
77266,38,0.03
77281,5,0.0
77291,13,0.01
77293,55,0.04
77296,7,0.01
77298,9,0.01
77300,4,0.0
77303,23,0.02
77307,379,0.27
77312,14,0.01
77316,44,0.03
77318,8,0.01
77326,10,0.01
77328,159,0.11
77330,132,0.1
77332,4,0.0
77336,1,0.0
77339,6,0.0
77342,1,0.0
77344,2,0.0
77349,5,0.0
77351,15,0.01
77353,24,0.02
77355,3,0.0
77357,12,0.01
77359,112,0.08
77362,1,0.0
77364,346,0.25
77370,25,0.02
77412,12,0.01
77414,124,0.09
77416,10,0.01
77421,251,0.18
77427,279,0.2
77433,16,0.01
77435,1,0.0
77444,2,0.0
77449,17,0.01
77455,1591,1.15
77463,3,0.0
77468,2,0.0
77470,7,0.01
77479,11,0.01
77481,6,0.0
77491,1,0.0
77493,7,0.01
77496,31,0.02
77509,5,0.0
77517,8,0.01
77538,4,0.0
77540,193,0.14
77550,7,0.01
77561,4192,3.03
77596,67,0.05
77613,4,0.0
77615,1,0.0
77629,142,0.1
77658,936,0.68
77665,36,0.03
77667,247,0.18
77672,29,0.02
77680,2,0.0
77682,20,0.01
77688,12,0.01
77707,2,0.0
77709,32,0.02
77711,10,0.01
77715,7,0.01
77719,13,0.01
77721,13,0.01
77729,9,0.01
77731,38,0.03
77734,1,0.0
77736,2,0.0
77738,2,0.0
77742,7,0.01
77744,2,0.0
77752,11,0.01
77770,4,0.0
77772,13,0.01
77774,11,0.01
77776,1,0.0
77778,4,0.0
77780,31,0.02
77783,3,0.0
77788,32,0.02
77795,154,0.11
77798,227,0.16
77800,596,0.43
77802,2,0.0
77808,13,0.01
77810,18,0.01
77816,4,0.0
77818,19,0.01
77820,42,0.03
77829,20,0.01
77831,2,0.0
77833,105,0.08
77835,6,0.0
77837,243,0.18
77841,22,0.02
77843,174,0.13
77846,370,0.27
77852,2,0.0
77854,145,0.1
77866,979,0.71
77875,7,0.01
77881,20,0.01
77883,7,0.01
77891,11,0.01
77893,15,0.01
77896,3,0.0
77899,3,0.0
77907,8,0.01
77910,10,0.01
77917,2,0.0
77919,3,0.0
77921,5,0.0
77931,6,0.0
77941,4,0.0
77944,17,0.01
77947,5,0.0
77951,3,0.0
77966,13,0.01
77968,3,0.0
77979,10,0.01
77981,9,0.01
77983,13,0.01
77985,6,0.0
77990,7,0.01
78000,5,0.0
78003,15,0.01
78006,10,0.01
78009,14,0.01
78011,28,0.02
78014,3,0.0
78016,9,0.01
78019,10,0.01
78022,29,0.02
78025,3,0.0
78030,3,0.0
78032,31,0.02
78034,148,0.11
78037,6,0.0
78039,951,0.69
78041,283,0.2
78043,1,0.0
78045,1,0.0
78054,12,0.01
78057,6,0.0
78059,2,0.0
78062,7,0.01
78064,9,0.01
78066,2,0.0
78068,1,0.0
78071,2,0.0
78073,2,0.0
78081,13,0.01
78084,8,0.01
78086,2,0.0
78088,517,0.37
78090,1,0.0
78093,2,0.0
78095,9,0.01
78097,3,0.0
78099,6,0.0
78101,4,0.0
78103,15,0.01
78105,1034,0.75
78111,16,0.01
78116,132,0.1
78122,44,0.03
78124,4,0.0
78128,19,0.01
78130,8,0.01
78132,4,0.0
78140,4,0.0
78142,12,0.01
78145,2,0.0
78157,15,0.01
78160,232,0.17
78162,156,0.11
78168,16,0.01
78170,7,0.01
78174,387,0.28
78181,9,0.01
78184,3,0.0
78186,10,0.01
78192,3,0.0
78196,4,0.0
78207,39,0.03
78209,900,0.65
78211,2,0.0
78218,415,0.3
78222,6,0.0
78224,6,0.0
78235,18,0.01
78245,44,0.03
78247,34,0.02
78249,1,0.0
78251,28,0.02
78264,179,0.13
78266,533,0.38
78268,18,0.01
78270,4,0.0
78272,9,0.01
78276,14,0.01
78278,15,0.01
78290,5,0.0
78295,16,0.01
78308,14,0.01
78313,37,0.03
78316,330,0.24
78319,99,0.07
78321,97,0.07
78329,2,0.0
78332,18,0.01
78335,19,0.01
78337,5,0.0
78340,2,0.0
78342,16,0.01
78344,19,0.01
78349,428,0.31
78358,8,0.01
78360,2,0.0
78366,2,0.0
78370,15,0.01
78376,7,0.01
78379,2,0.0
78381,11,0.01
78405,5,0.0
78408,12,0.01
78410,7,0.01
78413,7,0.01
78416,4,0.0
78418,6,0.0
78420,12,0.01
78422,7,0.01
78438,9,0.01
78442,2,0.0
78445,20,0.01
78459,13,0.01
78461,2,0.0
78463,4,0.0
78465,5,0.0
78467,196,0.14
78469,1306,0.94
78483,5,0.0
78488,1,0.0
78490,6,0.0
78499,5781,4.17
78517,119,0.09
78519,17,0.01
78528,5,0.0
78534,7,0.01
78536,9,0.01
78539,9,0.01
78544,144,0.1
78557,9,0.01
78574,1170,0.84
78579,13,0.01
78583,5,0.0
78585,11,0.01
78606,12,0.01
78612,18,0.01
78614,10,0.01
78618,11,0.01
78620,7,0.01
78622,9,0.01
78626,16,0.01
78629,4,0.0
78631,6,0.0
78633,39,0.03
78635,10,0.01
78637,676,0.49
78640,10,0.01
78642,3,0.0
78646,5,0.0
78649,4,0.0
78651,1,0.0
78653,30,0.02
78655,45,0.03
78658,1,0.0
78666,8,0.01
78669,5,0.0
78673,2,0.0
78677,1,0.0
78679,171,0.12
78681,11,0.01
78684,1,0.0
78690,4,0.0
78696,1,0.0
78698,2,0.0
78701,10,0.01
78703,135,0.1
78715,3,0.0
78717,2,0.0
78721,8,0.01
78723,8,0.01
78727,2,0.0
78729,199,0.14
78737,5,0.0
78739,5,0.0
78742,12,0.01
78746,77,0.06
78748,7,0.01
78757,9,0.01
78759,77,0.06
78765,6,0.0
78772,884,0.64
78774,121,0.09
78776,4,0.0
78827,21,0.02
78829,8,0.01
78832,7,0.01
78834,1,0.0
78836,347,0.25
78838,17,0.01
78856,23,0.02
78858,4,0.0
78860,6,0.0
78873,1,0.0
78885,3,0.0
78893,525,0.38
78895,14,0.01
78898,32,0.02
78903,14,0.01
78905,9,0.01
78909,6,0.0
78913,14,0.01
78916,11,0.01
78919,6,0.0
78921,7,0.01
78934,10,0.01
78941,6,0.0
78944,6,0.0
78946,5,0.0
78949,1,0.0
78951,3,0.0
78955,10,0.01
78957,1,0.0
78959,7,0.01
78961,13,0.01
78965,4,0.0
78967,51,0.04
78974,5,0.0
78976,16,0.01
78978,10,0.01
78980,4,0.0
78982,5,0.0
78984,1,0.0
78986,7,0.01
78991,17,0.01
78993,9,0.01
79003,3,0.0
79006,91,0.07
79008,855,0.62
79010,1,0.0
79022,3,0.0
79029,29,0.02
79031,1,0.0
79035,9,0.01
79038,7,0.01
79043,1,0.0
79045,3,0.0
79057,785,0.57
79060,10,0.01
79063,3,0.0
79065,2,0.0
79067,4,0.0
79073,145,0.1
79077,3,0.0
79081,5,0.0
79083,2,0.0
79091,2653,1.92
79094,4,0.0
79104,3,0.0
79106,1,0.0
79109,3,0.0
79111,6,0.0
79124,4,0.0
79127,4,0.0
79132,14023,10.13
79134,537,0.39
79136,8,0.01
79139,623,0.45
79158,14,0.01
79163,3,0.0
79166,18,0.01
79185,851,0.61
79187,31,0.02
79191,7,0.01
79195,1,0.0
79197,9,0.01
79203,14,0.01
79207,12,0.01
79213,5,0.0
79220,7,0.01
79222,9,0.01
79224,546,0.39
79226,31,0.02
79228,11,0.01
79230,45,0.03
79232,3,0.0
79234,1,0.0
79236,2,0.0
79238,5,0.0
79242,824,0.59
79244,1,0.0
79247,1,0.0
79249,2,0.0
79251,146,0.11
79254,18,0.01
79259,26,0.02
79274,380,0.27
79276,7,0.01
79278,2,0.0
79281,1,0.0
79283,1,0.0
79285,3,0.0
79287,69,0.05
79293,1496,1.08
79299,53,0.04
79303,5,0.0
79311,15,0.01
79318,156,0.11
79321,8,0.01
79327,3,0.0
79329,7,0.01
79333,17,0.01
79335,2,0.0
79337,3,0.0
79339,1,0.0
79344,4,0.0
79346,3,0.0
79348,6,0.0
79357,1126,0.81
79368,2,0.0
79388,11,0.01
79395,3,0.0
79397,5,0.0
79400,2,0.0
79402,2,0.0
79410,6,0.0
79424,1,0.0
79428,572,0.41
79430,21,0.02
79458,3,0.0
79461,3,0.0
79463,91,0.07
79467,32,0.02
79469,10,0.01
79471,3,0.0
79473,5,0.0
79475,7,0.01
79477,18,0.01
79494,26,0.02
79496,6,0.0
79498,7,0.01
79501,6,0.0
79505,18,0.01
79507,15,0.01
79515,10,0.01
79519,6,0.0
79521,7,0.01
79523,13,0.01
79525,9,0.01
79528,26,0.02
79533,76,0.05
79536,59,0.04
79539,8,0.01
79541,49,0.04
79543,4,0.0
79545,6,0.0
79547,10,0.01
79551,5,0.0
79553,401,0.29
79561,1,0.0
79565,1,0.0
79568,1,0.0
79570,11,0.01
79572,56,0.04
79575,1,0.0
79578,27,0.02
79580,4,0.0
79588,94,0.07
79590,109,0.08
79592,909,0.66
79594,18,0.01
79596,16,0.01
79599,52,0.04
79601,1,0.0
79603,8,0.01
79607,4,0.0
79610,4,0.0
79617,11,0.01
79627,7,0.01
79633,13,0.01
79636,2,0.0
79638,6,0.0
79640,5,0.0
79642,4,0.0
79644,4,0.0
79647,5,0.0
79651,6,0.0
79653,6,0.0
79656,3,0.0
79663,22,0.02
79667,6,0.0
79677,41,0.03
79681,7,0.01
79684,105,0.08
79686,4,0.0
79688,3,0.0
79692,4,0.0
79695,1417,1.02
79702,3726,2.69
79709,3,0.0
79711,8,0.01
79718,8,0.01
79720,456,0.33
79723,18,0.01
79725,9,0.01
79731,7,0.01
79736,1,0.0
79739,3,0.0
79741,1,0.0
79760,63,0.05
79765,11,0.01
79767,4,0.0
79769,15,0.01
79771,13,0.01
79773,7,0.01
79775,4,0.0
79794,11,0.01
79796,288,0.21
79798,58,0.04
79800,68,0.05
79802,7,0.01
79805,8,0.01
79807,10,0.01
79809,14,0.01
79824,122,0.09
79828,6,0.0
79830,10,0.01
79832,25,0.02
79835,4,0.0
79838,3,0.0
79842,5,0.0
79844,1,0.0
79846,6,0.0
79848,5,0.0
79850,13,0.01
79855,5,0.0
79860,135,0.1
79863,51,0.04
79866,1,0.0
79868,45,0.03
79870,10,0.01
79872,9,0.01
79874,36,0.03
79879,273,0.2
79882,6,0.0
79884,9,0.01
79895,46,0.03
79897,216,0.16
79901,4,0.0
79910,31,0.02
79912,10,0.01
79914,7,0.01
79916,15,0.01
79918,6,0.0
79920,5,0.0
79923,9,0.01
79925,3,0.0
79927,34,0.02
79929,35,0.03
79936,11,0.01
79946,154,0.11
79953,4,0.0
79955,14,0.01
79972,13,0.01
79974,3,0.0
79977,4,0.0
79980,4,0.0
79987,61,0.04
79994,23,0.02
79996,13,0.01
80004,3,0.0
80014,2,0.0
80020,4,0.0
80022,2,0.0
80026,87,0.06
80033,3,0.0
80038,6,0.0
80041,8,0.01
80044,9,0.01
80049,3,0.0
80054,4,0.0
80072,5,0.0
80074,3,0.0
80076,6,0.0
80083,39,0.03
80086,7,0.01
80094,155,0.11
80097,11,0.01
80100,6,0.0
80102,4,0.0
80104,2,0.0
80107,7,0.01
80109,5,0.0
80111,17,0.01
80122,6,0.0
80124,6,0.0
80126,576,0.42
80129,5,0.0
80132,4,0.0
80135,1,0.0
80137,10,0.01
80139,163,0.12
80141,12,0.01
80144,3,0.0
80146,5,0.0
80152,4,0.0
80154,2,0.0
80158,12,0.01
80160,3,0.0
80162,42,0.03
80164,5,0.0
80166,340,0.25
80179,1,0.0
80181,38,0.03
80183,4,0.0
80185,245,0.18
80189,5,0.0
80191,24,0.02
80193,1,0.0
80195,6,0.0
80204,13,0.01
80206,5,0.0
80208,1,0.0
80210,5,0.0
80214,6,0.0
80217,12,0.01
80219,1193,0.86
80222,132,0.1
80224,4,0.0
80230,1,0.0
80233,3,0.0
80235,6,0.0
80241,214,0.15
80243,2,0.0
80247,2,0.0
80258,9,0.01
80260,3,0.0
80264,7,0.01
80267,4,0.0
80269,3,0.0
80271,2,0.0
80281,45,0.03
80283,7,0.01
80285,1,0.0
80288,8,0.01
80290,2,0.0
80292,2,0.0
80295,7,0.01
80311,1,0.0
80313,3,0.0
80315,14,0.01
80321,4,0.0
80324,14,0.01
80328,13,0.01
80330,5,0.0
80337,11,0.01
80339,6,0.0
80344,5,0.0
80346,4,0.0
80348,4,0.0
80350,182,0.13
80352,4,0.0
80354,11,0.01
80358,4,0.0
80361,39,0.03
80363,603,0.44
80374,21,0.02
80398,113,0.08
80400,8,0.01
80402,3,0.0
80405,3,0.0
80408,2,0.0
80417,3,0.0
80419,6,0.0
80421,9,0.01
80424,10,0.01
80428,5,0.0
80430,8,0.01
80432,13,0.01
80444,3,0.0
80447,6,0.0
80449,5,0.0
80451,9,0.01
80454,32,0.02
80456,7,0.01
80463,5264,3.8
80465,1,0.0
80467,4,0.0
80469,100,0.07
80472,2,0.0
80476,12,0.01
80478,3,0.0
80480,2,0.0
80487,12,0.01
80489,2221,1.6
80491,2,0.0
80494,12,0.01
80498,4,0.0
80500,8,0.01
80502,24,0.02
80505,24,0.02
80549,1682,1.21
80551,400,0.29
80553,103,0.07
80557,2,0.0
80560,3,0.0
80566,1,0.0
80568,2,0.0
80570,2,0.0
80572,84,0.06
80574,2,0.0
80582,4,0.0
80584,35,0.03
80586,156,0.11
80588,24,0.02
80590,447,0.32
80596,4,0.0
80599,6,0.0
80611,2,0.0
80615,327,0.24
80617,74,0.05
80619,3,0.0
80622,2,0.0
80639,4,0.0
80641,2,0.0
80646,21,0.02
80648,31,0.02
80650,3,0.0
80653,5,0.0
80655,4,0.0
80659,1,0.0
80661,3,0.0
80667,3,0.0
80677,10,0.01
80680,2,0.0
80683,1,0.0
80693,539,0.39
80701,4,0.0
80713,4,0.0
80715,3,0.0
80717,6,0.0
80719,3,0.0
80722,1,0.0
80725,2,0.0
80727,77,0.06
80729,43,0.03
80731,2,0.0
80733,12,0.01
80736,31,0.02
80738,2,0.0
80740,2,0.0
80742,3,0.0
80744,1,0.0
80746,1,0.0
80748,98,0.07
80759,6,0.0
80761,5,0.0
80763,17,0.01
80768,1,0.0
80775,90,0.06
80777,7,0.01
80779,14,0.01
80789,7,0.01
80792,2,0.0
80797,8,0.01
80799,3,0.0
80806,4,0.0
80808,16,0.01
80810,9,0.01
80812,8,0.01
80816,11,0.01
80818,1,0.0
80820,40,0.03
80825,5,0.0
80831,581,0.42
80834,20,0.01
80836,13,0.01
80839,313,0.23
80844,28,0.02
80846,383,0.28
80848,2,0.0
80858,122,0.09
80860,343,0.25
80862,317,0.23
80864,233,0.17
80866,2,0.0
80870,4,0.0
80880,153,0.11
80891,12,0.01
80893,3,0.0
80899,4,0.0
80901,2,0.0
80903,8,0.01
80906,1173,0.85
80908,13,0.01
80917,406,0.29
80924,11,0.01
80926,12,0.01
80928,108,0.08
80933,3,0.0
80939,143,0.1
80941,30,0.02
80947,8,0.01
80950,2,0.0
80952,2,0.0
80954,4,0.0
80967,7,0.01
80969,739,0.53
80972,2,0.0
80980,8,0.01
80984,2,0.0
80986,1,0.0
80990,10,0.01
81000,7,0.01
81014,10,0.01
81018,358,0.26
81020,28,0.02
81027,8,0.01
81029,4,0.0
81031,12,0.01
81041,4,0.0
81046,8,0.01
81049,1,0.0
81051,6,0.0
81054,10,0.01
81059,9,0.01
81061,9,0.01
81064,1,0.0
81067,1,0.0
81069,4,0.0
81072,3,0.0
81075,9,0.01
81080,15,0.01
81083,64,0.05
81085,2,0.0
81087,6,0.0
81090,33,0.02
81092,4,0.0
81094,8,0.01
81100,2,0.0
81102,6,0.0
81104,4,0.0
81107,4,0.0
81109,2,0.0
81111,10,0.01
81117,1,0.0
81123,2,0.0
81125,2,0.0
81130,8,0.01
81132,154,0.11
81138,8,0.01
81140,49,0.04
81142,6,0.0
81145,14,0.01
81147,7,0.01
81150,1,0.0
81152,3,0.0
81156,362,0.26
81158,287,0.21
81162,6,0.0
81164,61,0.04
81172,1,0.0
81180,107,0.08
81182,6,0.0
81184,1,0.0
81191,226,0.16
81193,4,0.0
81195,16,0.01
81198,2,0.0
81200,5,0.0
81204,4,0.0
81214,4,0.0
81216,4,0.0
81225,7,0.01
81229,1568,1.13
81238,1,0.0
81243,1,0.0
81248,7,0.01
81250,5,0.0
81257,219,0.16
81270,48,0.03
81274,1,0.0
81276,22,0.02
81281,4,0.0
81305,22,0.02
81312,13,0.01
81314,1,0.0
81316,9,0.01
81322,2,0.0
81324,1,0.0
81328,1,0.0
81330,4,0.0
81333,3,0.0
81347,4,0.0
81349,2,0.0
81351,10,0.01
81355,8,0.01
81357,4,0.0
81359,9,0.01
81362,6,0.0
81364,47,0.03
81366,12,0.01
81371,12,0.01
81381,10,0.01
81383,110,0.08
81385,113,0.08
81387,2,0.0
81389,2,0.0
81391,4,0.0
81393,1,0.0
81396,8,0.01
81398,2,0.0
81403,15,0.01
81405,2,0.0
81411,4,0.0
81413,11,0.01
81415,1,0.0
81417,342,0.25
81424,18,0.01
81427,7,0.01
81429,1,0.0
81432,2,0.0
81435,3,0.0
81441,5,0.0
81443,8,0.01
81445,10,0.01
81447,9,0.01
81451,10,0.01
81453,2,0.0
81456,86,0.06
81495,26,0.02
81497,7,0.01
81499,15,0.01
81501,3,0.0
81512,358,0.26
81516,145,0.1
81518,8,0.01
81520,21,0.02
81524,5,0.0
81535,251,0.18
81537,776,0.56
81546,7,0.01
81548,1,0.0
81562,2496,1.8
81564,1601,1.16
81566,2,0.0
81568,35,0.03
81574,1,0.0
81583,2,0.0
81585,3,0.0
81587,2,0.0
81589,3,0.0
81591,5287,3.82
81610,2,0.0
81613,1,0.0
81615,1,0.0
81617,4,0.0
81621,6,0.0
81629,4,0.0
81631,4,0.0
81633,4,0.0
81637,7,0.01
81639,67,0.05
81641,264,0.19
81643,2,0.0
81646,2,0.0
81656,7,0.01
81658,6,0.0
81660,13,0.01
81665,25,0.02
81667,8,0.01
81669,11,0.01
81671,8,0.01
81673,6,0.0
81676,3,0.0
81679,6,0.0
81681,7,0.01
81684,7,0.01
81688,7,0.01
81690,8,0.01
81698,19,0.01
81700,2,0.0
81702,10,0.01
81704,19,0.01
81708,6,0.0
81711,26,0.02
81713,2,0.0
81725,36,0.03
81727,4,0.0
81731,113,0.08
81733,8,0.01
81736,14,0.01
81738,1,0.0
81742,2,0.0
81744,10,0.01
81751,76,0.05
81753,10,0.01
81755,3,0.0
81758,1,0.0
81765,2,0.0
81768,7,0.01
81770,1,0.0
81782,645,0.47
81784,303,0.22
81786,111,0.08
81788,790,0.57
81791,276,0.2
81795,1,0.0
81802,1,0.0
81804,141,0.1
81806,2,0.0
81817,149,0.11
81819,352,0.25
81823,7,0.01
81825,8,0.01
81831,6,0.0
81834,3884,2.8
81845,5629,4.06
81847,2438,1.76
81851,3,0.0
81853,7,0.01
81857,1,0.0
81859,1,0.0
81867,2,0.0
81880,2,0.0
81898,7,0.01
81903,4,0.0
81906,2,0.0
81910,83,0.06
81925,2,0.0
81927,3,0.0
81930,5,0.0
81932,2166,1.56
81949,51,0.04
81952,2,0.0
81954,1,0.0
81957,10,0.01
81959,1,0.0
81962,2,0.0
81975,6,0.0
81979,5,0.0
81981,16,0.01
81983,3,0.0
81985,2,0.0
81987,3,0.0
81989,8,0.01
81991,1,0.0
81993,11,0.01
82003,4,0.0
82005,31,0.02
82007,4,0.0
82009,16,0.01
82011,3,0.0
82013,1,0.0
82015,15,0.01
82017,1,0.0
82022,21,0.02
82026,2,0.0
82030,4,0.0
82032,6,0.0
82035,17,0.01
82037,142,0.1
82041,73,0.05
82043,7,0.01
82045,2,0.0
82047,5,0.0
82049,4,0.0
82051,6,0.0
82053,128,0.09
82055,3,0.0
82059,38,0.03
82061,4,0.0
82063,13,0.01
82066,17,0.01
82068,5,0.0
82070,8,0.01
82088,11,0.01
82093,103,0.07
82095,311,0.22
82097,6,0.0
82102,14,0.01
82106,3,0.0
82108,6,0.0
82110,3,0.0
82115,2,0.0
82119,3,0.0
82121,14,0.01
82123,1,0.0
82129,5,0.0
82131,7,0.01
82139,4,0.0
82141,4,0.0
82143,189,0.14
82150,60,0.04
82152,152,0.11
82154,2,0.0
82157,6,0.0
82167,566,0.41
82169,526,0.38
82173,98,0.07
82175,4,0.0
82179,2,0.0
82182,5,0.0
82184,2,0.0
82186,8,0.01
82188,5,0.0
82194,2,0.0
82196,8,0.01
82202,657,0.47
82209,15,0.01
82227,3,0.0
82235,1,0.0
82240,28,0.02
82242,344,0.25
82244,116,0.08
82246,8,0.01
82261,9,0.01
82269,7,0.01
82271,4,0.0
82274,5,0.0
82276,10,0.01
82280,7,0.01
82283,2,0.0
82298,6,0.0
82300,7,0.01
82302,14,0.01
82304,5,0.0
82306,5,0.0
82308,5,0.0
82311,5,0.0
82313,10,0.01
82315,7,0.01
82320,4,0.0
82322,20,0.01
82324,11,0.01
82326,1,0.0
82328,3,0.0
82330,5,0.0
82332,9,0.01
82335,7,0.01
82337,10,0.01
82353,3,0.0
82356,6,0.0
82358,1,0.0
82360,25,0.02
82362,4,0.0
82364,5,0.0
82366,23,0.02
82368,1,0.0
82370,2,0.0
82378,161,0.12
82380,12,0.01
82382,9,0.01
82384,4,0.0
82386,1,0.0
82388,2,0.0
82390,3,0.0
82393,2,0.0
82395,2,0.0
82397,1,0.0
82420,5,0.0
82438,10,0.01
82447,77,0.06
82449,2,0.0
82452,11,0.01
82454,5,0.0
82459,3487,2.52
82461,1705,1.23
82463,250,0.18
82465,7,0.01
82467,3,0.0
82469,4,0.0
82476,2,0.0
82491,2,0.0
82499,175,0.13
82525,1,0.0
82527,223,0.16
82529,1,0.0
82531,4,0.0
82534,199,0.14
82536,8,0.01
82564,40,0.03
82567,3,0.0
82581,10,0.01
82584,3,0.0
82589,70,0.05
82591,4,0.0
82593,1,0.0
82595,1,0.0
82597,2,0.0
82602,7,0.01
82606,1,0.0
82608,10,0.01
82631,3,0.0
82633,28,0.02
82635,5,0.0
82638,4,0.0
82641,8,0.01
82643,5,0.0
82667,298,0.22
82669,7,0.01
82671,6,0.0
82673,11,0.01
82676,7,0.01
82678,5,0.0
82680,4,0.0
82682,8,0.01
82684,26,0.02
82698,8,0.01
82701,6,0.0
82703,19,0.01
82705,2,0.0
82711,4,0.0
82713,2,0.0
82715,2,0.0
82722,21,0.02
82726,11,0.01
82732,2,0.0
82739,22,0.02
82744,197,0.14
82747,6,0.0
82749,11,0.01
82751,1,0.0
82753,2,0.0
82759,6,0.0
82765,34,0.02
82767,281,0.2
82770,12,0.01
82772,1,0.0
82834,7,0.01
82836,7,0.01
82840,3,0.0
82842,11,0.01
82848,23,0.02
82850,17,0.01
82852,370,0.27
82854,210,0.15
82857,16,0.01
82877,3,0.0
82902,2,0.0
82904,29,0.02
82906,8,0.01
82909,3,0.0
82911,5,0.0
82915,4,0.0
82917,1,0.0
82920,9,0.01
82926,43,0.03
82928,19,0.01
82931,38,0.03
82934,44,0.03
82976,22,0.02
82978,17,0.01
82980,4,0.0
82982,3,0.0
82984,2,0.0
82991,5,0.0
83004,9,0.01
83006,4,0.0
83034,11,0.01
83038,9,0.01
83049,7,0.01
83051,4,0.0
83056,4,0.0
83059,41,0.03
83067,17,0.01
83071,1,0.0
83082,43,0.03
83086,219,0.16
83089,2,0.0
83096,13,0.01
83115,6,0.0
83132,487,0.35
83134,776,0.56
83138,7,0.01
83158,17,0.01
83163,1,0.0
83177,80,0.06
83180,27,0.02
83182,13,0.01
83184,11,0.01
83186,4,0.0
83189,8,0.01
83193,18,0.01
83219,186,0.13
83222,9,0.01
83225,2,0.0
83227,3,0.0
83232,4,0.0
83241,2,0.0
83244,4,0.0
83246,9,0.01
83248,7,0.01
83250,9,0.01
83256,1,0.0
83258,4,0.0
83260,3,0.0
83264,17,0.01
83266,10,0.01
83268,5,0.0
83270,167,0.12
83273,1,0.0
83275,1,0.0
83277,3,0.0
83279,2,0.0
83281,1,0.0
83291,5,0.0
83293,78,0.06
83295,5,0.0
83300,14,0.01
83302,114,0.08
83308,2,0.0
83310,3,0.0
83316,8,0.01
83318,17,0.01
83320,11,0.01
83322,19,0.01
83324,13,0.01
83326,17,0.01
83330,8,0.01
83332,34,0.02
83334,7,0.01
83337,3,0.0
83339,3,0.0
83343,8,0.01
83345,1,0.0
83349,743,0.54
83351,3,0.0
83357,1,0.0
83359,25,0.02
83361,16,0.01
83369,268,0.19
83374,108,0.08
83376,6,0.0
83381,3,0.0
83385,10,0.01
83389,1,0.0
83411,25,0.02
83415,2,0.0
83417,1,0.0
83424,17,0.01
83435,3,0.0
83437,7,0.01
83439,2,0.0
83446,3,0.0
83448,5,0.0
83450,12,0.01
83457,6,0.0
83464,1,0.0
83468,11,0.01
83478,37,0.03
83480,250,0.18
83506,89,0.06
83525,47,0.03
83527,6,0.0
83529,5,0.0
83531,9,0.01
83533,2,0.0
83535,16,0.01
83538,13,0.01
83540,6,0.0
83556,9,0.01
83558,5,0.0
83560,3,0.0
83562,5,0.0
83569,3,0.0
83575,5,0.0
83577,8,0.01
83579,3,0.0
83581,6,0.0
83583,6,0.0
83585,8,0.01
83588,12,0.01
83590,7,0.01
83592,4,0.0
83601,21,0.02
83603,2,0.0
83605,9,0.01
83607,1,0.0
83611,3,0.0
83613,868,0.63
83616,10,0.01
83619,5,0.0
83652,8,0.01
83654,2,0.0
83656,3,0.0
83658,5,0.0
83660,6,0.0
83662,3,0.0
83664,3,0.0
83666,4,0.0
83668,2,0.0
83671,6,0.0
83756,6,0.0
83758,3,0.0
83760,27,0.02
83763,9,0.01
83765,12,0.01
83767,2,0.0
83773,1,0.0
83777,6,0.0
83789,1,0.0
83791,3,0.0
83796,22,0.02
83798,72,0.05
83801,9,0.01
83803,147,0.11
83807,15,0.01
83809,6,0.0
83819,1,0.0
83821,1,0.0
83823,4,0.0
83825,3,0.0
83827,70,0.05
83829,24,0.02
83831,1,0.0
83833,8,0.01
83835,9,0.01
83837,11,0.01
83842,8,0.01
83897,6,0.0
83910,151,0.11
83912,8,0.01
83916,6,0.0
83918,2,0.0
83920,5,0.0
83923,9,0.01
83927,1,0.0
83956,4,0.0
83962,12,0.01
83969,5,0.0
83972,1,0.0
83974,3,0.0
83976,240,0.17
83978,2,0.0
83986,3,0.0
84015,6,0.0
84017,3,0.0
84019,8,0.01
84047,8,0.01
84090,7,0.01
84092,5,0.0
84094,3,0.0
84096,10,0.01
84098,7,0.01
84100,2,0.0
84103,7,0.01
84111,7,0.01
84114,6,0.0
84116,82,0.06
84118,3,0.0
84120,11,0.01
84122,13,0.01
84125,7,0.01
84128,22,0.02
84131,2,0.0
84133,4,0.0
84137,23,0.02
84148,5,0.0
84150,8,0.01
84152,2444,1.76
84154,30,0.02
84156,51,0.04
84158,3,0.0
84160,18,0.01
84162,1,0.0
84164,2,0.0
84173,11,0.01
84176,5,0.0
84178,1,0.0
84181,2,0.0
84183,4,0.0
84187,212,0.15
84189,94,0.07
84192,4,0.0
84223,11,0.01
84226,3,0.0
84228,7,0.01
84230,17,0.01
84232,13,0.01
84234,17,0.01
84236,26,0.02
84238,7,0.01
84240,71,0.05
84242,72,0.05
84246,10,0.01
84248,7,0.01
84250,5,0.0
84252,5,0.0
84258,2,0.0
84260,10,0.01
84262,7,0.01
84273,127,0.09
84276,6,0.0
84279,5,0.0
84281,2,0.0
84283,3,0.0
84293,1,0.0
84296,1,0.0
84298,4,0.0
84300,3,0.0
84302,3,0.0
84304,49,0.04
84312,160,0.12
84329,1,0.0
84334,1,0.0
84366,8,0.01
84372,3,0.0
84374,649,0.47
84387,12,0.01
84392,1001,0.72
84395,216,0.16
84407,24,0.02
84414,63,0.05
84436,1,0.0
84442,1,0.0
84444,17,0.01
84446,7,0.01
84448,4,0.0
84450,4,0.0
84453,4,0.0
84455,14,0.01
84467,4,0.0
84469,9,0.01
84471,6,0.0
84473,3,0.0
84475,3,0.0
84477,4,0.0
84479,6,0.0
84481,7,0.01
84483,4,0.0
84485,9,0.01
84496,8,0.01
84498,8,0.01
84500,1,0.0
84502,4,0.0
84504,7,0.01
84506,15,0.01
84508,4,0.0
84510,6,0.0
84512,4,0.0
84523,12,0.01
84525,4,0.0
84529,3,0.0
84532,18,0.01
84534,1,0.0
84538,1,0.0
84540,1,0.0
84551,4,0.0
84553,6,0.0
84555,2,0.0
84557,31,0.02
84559,3,0.0
84563,2,0.0
84565,1,0.0
84570,79,0.06
84601,875,0.63
84613,129,0.09
84615,280,0.2
84619,4,0.0
84621,18,0.01
84637,218,0.16
84639,5,0.0
84641,3,0.0
84643,5,0.0
84646,3,0.0
84648,4,0.0
84660,1,0.0
84663,52,0.04
84665,3,0.0
84667,3,0.0
84669,3,0.0
84671,4,0.0
84680,1,0.0
84686,3,0.0
84689,1,0.0
84691,1,0.0
84696,95,0.07
84714,4,0.0
84716,121,0.09
84730,9,0.01
84732,68,0.05
84734,2,0.0
84736,1,0.0
84738,6,0.0
84740,5,0.0
84764,3,0.0
84766,5,0.0
84768,2,0.0
84770,36,0.03
84772,1031,0.74
84775,95,0.07
84777,7,0.01
84779,15,0.01
84781,5,0.0
84792,8,0.01
84794,6,0.0
84796,10,0.01
84799,14,0.01
84801,17,0.01
84805,4,0.0
84807,13,0.01
84829,3,0.0
84832,4,0.0
84834,14,0.01
84836,2,0.0
84838,2,0.0
84844,31,0.02
84847,212,0.15
84852,3,0.0
84855,34,0.02
84857,13,0.01
84859,4,0.0
84861,1,0.0
84863,6,0.0
84866,2,0.0
84869,2,0.0
84871,5,0.0
84876,4,0.0
84880,35,0.03
84884,11,0.01
84890,3,0.0
84894,2,0.0
84942,228,0.16
84944,1192,0.86
84948,2,0.0
84950,128,0.09
84952,103,0.07
84954,1711,1.24
84957,26,0.02
84961,1,0.0
84963,5,0.0
84972,7,0.01
84974,1,0.0
84976,1,0.0
84978,1,0.0
84980,72,0.05
84983,4,0.0
84985,2,0.0
84987,4,0.0
84989,10,0.01
84996,1,0.0
85007,108,0.08
85010,2,0.0
85012,6,0.0
85014,7,0.01
85016,36,0.03
85020,496,0.36
85022,353,0.25
85025,171,0.12
85056,587,0.42
85070,4,0.0
85072,35,0.03
85106,6,0.0
85108,1,0.0
85129,8,0.01
85131,665,0.48
85133,11,0.01
85143,4,0.0
85175,4,0.0
85177,24,0.02
85179,217,0.16
85181,32,0.02
85186,2,0.0
85188,2,0.0
85190,13,0.01
85203,2,0.0
85205,4,0.0
85209,4,0.0
85211,60,0.04
85213,132,0.1
85215,10,0.01
85226,2,0.0
85231,4,0.0
85259,80,0.06
85261,71,0.05
85268,36,0.03
85270,4,0.0
85273,7,0.01
85275,3,0.0
85278,9,0.01
85284,2,0.0
85291,6,0.0
85293,4,0.0
85295,31,0.02
85298,10,0.01
85305,22,0.02
85307,14,0.01
85309,1,0.0
85312,29,0.02
85316,68,0.05
85319,6,0.0
85323,2,0.0
85325,6,0.0
85327,3,0.0
85330,10,0.01
85332,3,0.0
85334,11,0.01
85342,590,0.43
85344,6,0.0
85354,205,0.15
85358,12,0.01
85360,13,0.01
85362,10,0.01
85365,3,0.0
85367,409,0.3
85369,3,0.0
85372,75,0.05
85374,5,0.0
85378,1,0.0
85387,5,0.0
85389,3,0.0
85392,10,0.01
85394,188,0.14
85397,319,0.23
85399,29,0.02
85401,322,0.23
85403,1,0.0
85410,7,0.01
85412,352,0.25
85414,3374,2.44
85438,396,0.29
85440,5,0.0
85442,1,0.0
85445,1,0.0
85450,1,0.0
85453,1,0.0
85505,1,0.0
85510,792,0.57
85513,5,0.0
85527,12,0.01
85538,8,0.01
85540,25,0.02
85542,10,0.01
85544,3,0.0
85547,12,0.01
85549,7,0.01
85552,4,0.0
85555,6,0.0
85565,41,0.03
85567,4,0.0
85570,5,0.0
85572,17,0.01
85574,7,0.01
85576,2,0.0
85585,21,0.02
85609,2,0.0
85612,4,0.0
85616,4,0.0
85618,1,0.0
85624,6,0.0
85626,19,0.01
85679,4,0.0
85686,6,0.0
85689,1,0.0
85691,2,0.0
85694,1,0.0
85728,6,0.0
85734,10,0.01
85736,399,0.29
85738,3,0.0
85740,4,0.0
85742,1,0.0
85744,1,0.0
85763,20,0.01
85770,4,0.0
85772,1,0.0
85774,719,0.52
85777,52,0.04
85780,149,0.11
85783,3,0.0
85785,1,0.0
85788,470,0.34
85790,93,0.07
85792,4,0.0
85794,2,0.0
85796,235,0.17
85861,2,0.0
85863,3,0.0
85874,17,0.01
85881,564,0.41
85883,5,0.0
85885,45,0.03
85889,1,0.0
85892,3,0.0
85894,1,0.0
85896,6,0.0
85910,12,0.01
85955,5,0.0
85966,5,0.0
85981,5,0.0
85983,4,0.0
85985,5,0.0
85987,7,0.01
85992,26,0.02
85994,3,0.0
85997,6,0.0
86000,73,0.05
86002,3,0.0
86014,53,0.04
86023,1,0.0
86028,36,0.03
86033,6,0.0
86055,1,0.0
86057,6,0.0
86059,82,0.06
86061,2,0.0
86064,5,0.0
86066,9,0.01
86068,5,0.0
86070,7,0.01
86077,1,0.0
86079,3,0.0
86081,4,0.0
86083,11,0.01
86085,1,0.0
86087,7,0.01
86089,2,0.0
86091,5,0.0
86094,12,0.01
86096,17,0.01
86137,19,0.01
86139,5,0.0
86142,413,0.3
86145,9,0.01
86148,5,0.0
86151,8,0.01
86153,7,0.01
86162,1,0.0
86166,5,0.0
86168,10,0.01
86170,5,0.0
86173,5,0.0
86181,8,0.01
86190,974,0.7
86204,5,0.0
86206,34,0.02
86210,2,0.0
86229,2,0.0
86231,3,0.0
86233,28,0.02
86237,29,0.02
86242,4,0.0
86244,36,0.03
86246,6,0.0
86263,1,0.0
86277,15,0.01
86279,28,0.02
86286,19,0.01
86288,3,0.0
86290,197,0.14
86293,237,0.17
86295,296,0.21
86298,576,0.42
86300,19,0.01
86308,4,0.0
86310,1,0.0
86312,3,0.0
86316,5,0.0
86318,4,0.0
86320,850,0.61
86330,8,0.01
86332,2580,1.86
86334,2,0.0
86337,2,0.0
86343,1,0.0
86345,919,0.66
86347,696,0.5
86355,86,0.06
86368,4,0.0
86377,891,0.64
86380,4,0.0
86382,5,0.0
86399,1,0.0
86401,5,0.0
86405,12,0.01
86408,11,0.01
86410,42,0.03
86412,22,0.02
86416,5,0.0
86418,6,0.0
86420,4,0.0
86430,10,0.01
86432,15,0.01
86434,3,0.0
86436,4,0.0
86438,3,0.0
86440,2,0.0
86442,2,0.0
86449,9,0.01
86451,2,0.0
86453,5,0.0
86455,1,0.0
86463,4,0.0
86471,3,0.0
86474,4,0.0
86476,4,0.0
86478,13,0.01
86487,120,0.09
86489,3,0.0
86491,11,0.01
86493,1,0.0
86495,5,0.0
86497,4,0.0
86500,3,0.0
86502,10,0.01
86504,30,0.02
86508,2,0.0
86510,2,0.0
86513,3,0.0
86515,2,0.0
86518,4,0.0
86521,5,0.0
86536,17,0.01
86539,7,0.01
86541,19,0.01
86544,2,0.0
86546,17,0.01
86548,384,0.28
86550,1,0.0
86553,4,0.0
86559,9,0.01
86572,9,0.01
86574,34,0.02
86576,13,0.01
86578,35,0.03
86583,5,0.0
86590,8,0.01
86593,28,0.02
86604,17,0.01
86606,10,0.01
86620,1,0.0
86622,3,0.0
86624,22,0.02
86626,12,0.01
86628,179,0.13
86635,2,0.0
86637,2,0.0
86642,42,0.03
86644,562,0.41
86646,10,0.01
86648,7,0.01
86651,2,0.0
86653,2,0.0
86655,9,0.01
86657,2,0.0
86664,2,0.0
86668,38,0.03
86671,4,0.0
86675,4,0.0
86677,5,0.0
86687,4,0.0
86689,3,0.0
86709,1,0.0
86715,11,0.01
86717,4,0.0
86719,1,0.0
86721,12,0.01
86723,40,0.03
86725,12,0.01
86728,5,0.0
86745,4,0.0
86748,5,0.0
86750,21,0.02
86753,4,0.0
86756,2,0.0
86758,5,0.0
86760,3,0.0
86762,23,0.02
86764,7,0.01
86766,4,0.0
86768,7,0.01
86770,4,0.0
86773,2,0.0
86775,7,0.01
86778,4,0.0
86781,518,0.37
86785,4,0.0
86787,8,0.01
86789,2,0.0
86791,2,0.0
86795,7,0.01
86797,2,0.0
86802,5,0.0
86807,3,0.0
86809,2,0.0
86811,7,0.01
86813,1,0.0
86815,103,0.07
86817,195,0.14
86819,1,0.0
86826,3,0.0
86829,6,0.0
86833,1407,1.02
86835,340,0.25
86837,10,0.01
86839,1,0.0
86841,3,0.0
86844,4,0.0
86846,3,0.0
86848,3,0.0
86852,192,0.14
86854,3,0.0
86856,4,0.0
86858,3,0.0
86860,4,0.0
86862,3,0.0
86864,31,0.02
86866,13,0.01
86876,9,0.01
86880,1250,0.9
86882,2305,1.66
86884,88,0.06
86892,189,0.14
86894,5,0.0
86896,5,0.0
86898,697,0.5
86900,9,0.01
86902,5,0.0
86904,3,0.0
86906,5,0.0
86909,1,0.0
86911,1115,0.81
86922,20,0.01
86927,3,0.0
86929,2,0.0
86931,2,0.0
86941,5,0.0
86943,1,0.0
86947,10,0.01
86952,2,0.0
86955,27,0.02
86957,4,0.0
86960,4,0.0
86970,2,0.0
86973,23,0.02
86977,2,0.0
86982,25,0.02
86985,12,0.01
86988,1,0.0
86990,2,0.0
87000,8,0.01
87002,1,0.0
87004,83,0.06
87006,5,0.0
87008,3,0.0
87010,2,0.0
87012,5,0.0
87016,5,0.0
87028,72,0.05
87031,5,0.0
87033,5,0.0
87036,6,0.0
87038,3,0.0
87040,14,0.01
87042,8,0.01
87047,6,0.0
87049,6,0.0
87051,2,0.0
87053,3,0.0
87055,4,0.0
87057,4,0.0
87059,4,0.0
87061,1,0.0
87063,4,0.0
87065,3,0.0
87069,3,0.0
87071,5,0.0
87073,10,0.01
87076,6,0.0
87079,127,0.09
87081,12,0.01
87085,1,0.0
87092,2,0.0
87094,4,0.0
87096,6,0.0
87098,1,0.0
87100,13,0.01
87103,11,0.01
87105,17,0.01
87115,10,0.01
87164,12,0.01
87166,12,0.01
87168,7,0.01
87170,7,0.01
87173,2,0.0
87179,5,0.0
87181,21,0.02
87186,2,0.0
87188,3,0.0
87192,503,0.36
87194,137,0.1
87197,27,0.02
87205,37,0.03
87207,5,0.0
87210,4,0.0
87216,1,0.0
87218,3,0.0
87220,5,0.0
87222,898,0.65
87225,2,0.0
87227,7,0.01
87229,7,0.01
87232,3678,2.66
87234,449,0.32
87238,7,0.01
87256,1,0.0
87258,3,0.0
87260,3,0.0
87262,2,0.0
87264,28,0.02
87268,1,0.0
87270,65,0.05
87276,1,0.0
87279,8,0.01
87287,16,0.01
87290,1,0.0
87294,1,0.0
87296,3,0.0
87298,256,0.18
87300,3,0.0
87302,14,0.01
87304,456,0.33
87306,1696,1.22
87308,182,0.13
87314,13,0.01
87320,3,0.0
87322,5,0.0
87325,2,0.0
87327,4,0.0
87330,4,0.0
87332,5,0.0
87334,4,0.0
87336,3,0.0
87354,1,0.0
87356,8,0.01
87358,2,0.0
87360,12,0.01
87364,5,0.0
87366,2,0.0
87368,3,0.0
87370,2,0.0
87378,1,0.0
87383,7,0.01
87385,2,0.0
87387,3,0.0
87390,7,0.01
87392,4,0.0
87403,5,0.0
87405,49,0.04
87408,13,0.01
87410,6,0.0
87413,23,0.02
87415,3,0.0
87417,2,0.0
87420,1,0.0
87425,12,0.01
87430,830,0.6
87433,18,0.01
87435,14,0.01
87442,1,0.0
87444,28,0.02
87446,13,0.01
87449,4,0.0
87469,22,0.02
87471,4,0.0
87483,157,0.11
87485,696,0.5
87497,1,0.0
87499,11,0.01
87505,2,0.0
87507,5,0.0
87511,2,0.0
87514,2,0.0
87516,1,0.0
87518,3,0.0
87520,936,0.68
87522,196,0.14
87527,9,0.01
87529,330,0.24
87547,3,0.0
87549,18,0.01
87556,2,0.0
87558,5,0.0
87560,5,0.0
87562,3,0.0
87564,1,0.0
87566,3,0.0
87568,7,0.01
87572,3,0.0
87589,6,0.0
87591,1,0.0
87595,1,0.0
87598,2,0.0
87608,9,0.01
87618,3,0.0
87633,1,0.0
87636,4,0.0
87639,1,0.0
87642,11,0.01
87644,1,0.0
87647,9,0.01
87649,4,0.0
87660,97,0.07
87662,2,0.0
87683,3,0.0
87685,4,0.0
87689,6,0.0
87691,8,0.01
87693,3,0.0
87697,6,0.0
87700,4,0.0
87702,4,0.0
87719,6,0.0
87721,11,0.01
87745,4,0.0
87751,3,0.0
87761,10,0.01
87763,4,0.0
87766,3,0.0
87769,3,0.0
87771,3,0.0
87773,3,0.0
87780,2,0.0
87785,79,0.06
87790,14,0.01
87792,7,0.01
87794,5,0.0
87796,3,0.0
87798,1,0.0
87802,14,0.01
87804,11,0.01
87806,3,0.0
87808,2,0.0
87831,2,0.0
87834,6,0.0
87843,1,0.0
87858,3,0.0
87860,2,0.0
87867,98,0.07
87869,1260,0.91
87872,21,0.02
87874,4,0.0
87876,406,0.29
87878,4,0.0
87880,4,0.0
87882,3,0.0
87884,3,0.0
87890,2,0.0
87909,12,0.01
87911,15,0.01
87913,6,0.0
87915,1,0.0
87917,7,0.01
87919,6,0.0
87921,79,0.06
87923,4,0.0
87928,5,0.0
87930,50,0.04
87948,2,0.0
87952,3,0.0
87954,5,0.0
87960,27,0.02
87964,10,0.01
87966,2,0.0
87971,7,0.01
87973,4,0.0
87975,29,0.02
87977,2,0.0
87979,3,0.0
87984,1,0.0
87988,7,0.01
87990,11,0.01
87992,12,0.01
87994,4,0.0
87996,1,0.0
87999,7,0.01
88001,1,0.0
88003,4,0.0
88005,3,0.0
88015,11,0.01
88017,1,0.0
88020,5,0.0
88022,39,0.03
88024,7,0.01
88028,1,0.0
88031,3,0.0
88038,1,0.0
88040,1,0.0
88042,5,0.0
88044,4,0.0
88047,4,0.0
88049,4,0.0
88051,10,0.01
88053,1,0.0
88055,2,0.0
88059,2,0.0
88061,4,0.0
88063,6,0.0
88065,2,0.0
88067,10,0.01
88069,23,0.02
88071,2,0.0
88073,3,0.0
88075,7,0.01
88078,2,0.0
88087,1,0.0
88089,3,0.0
88092,5,0.0
88094,11,0.01
88099,5,0.0
88106,5,0.0
88108,62,0.04
88110,5,0.0
88114,9,0.01
88116,2,0.0
88118,117,0.08
88125,3983,2.88
88127,106,0.08
88129,2916,2.11
88131,22,0.02
88133,4,0.0
88135,3,0.0
88138,12,0.01
88140,2313,1.67
88158,1,0.0
88160,3,0.0
88163,1888,1.36
88166,3,0.0
88168,6,0.0
88171,2,0.0
88173,3,0.0
88175,2,0.0
88177,2,0.0
88179,240,0.17
88181,5,0.0
88192,13,0.01
88194,12,0.01
88203,6,0.0
88205,1,0.0
88210,2,0.0
88213,2,0.0
88224,6,0.0
88228,2,0.0
88235,436,0.31
88237,33,0.02
88248,41,0.03
88250,1,0.0
88252,3,0.0
88267,116,0.08
88270,15,0.01
88272,38,0.03
88274,1,0.0
88276,4,0.0
88278,5,0.0
88280,5,0.0
88282,7,0.01
88284,5,0.0
88299,19,0.01
88301,27,0.02
88305,8,0.01
88307,2,0.0
88310,9,0.01
88313,3,0.0
88315,2,0.0
88317,2,0.0
88321,2,0.0
88327,4,0.0
88329,3,0.0
88331,1,0.0
88335,1,0.0
88339,24,0.02
88341,5,0.0
88343,7,0.01
88345,80,0.06
88347,5,0.0
88349,19,0.01
88352,3,0.0
88356,174,0.13
88368,1,0.0
88371,1,0.0
88374,5,0.0
88376,7,0.01
88378,2,0.0
88380,38,0.03
88382,5,0.0
88398,3,0.0
88400,2,0.0
88405,679,0.49
88411,6,0.0
88414,2,0.0
88417,5,0.0
88419,6,0.0
88423,3,0.0
88425,9,0.01
88427,1,0.0
88429,3,0.0
88448,2,0.0
88452,3,0.0
88454,3,0.0
88456,8,0.01
88466,2,0.0
88468,42,0.03
88473,3,0.0
88480,2,0.0
88483,5,0.0
88485,9,0.01
88488,1,0.0
88491,2,0.0
88493,1,0.0
88495,23,0.02
88511,1,0.0
88513,2,0.0
88515,131,0.09
88518,5,0.0
88520,5,0.0
88543,1,0.0
88548,4,0.0
88562,7,0.01
88564,9,0.01
88566,20,0.01
88568,6,0.0
88570,6,0.0
88572,12,0.01
88574,5,0.0
88576,2,0.0
88578,13,0.01
88580,3,0.0
88589,9,0.01
88591,3,0.0
88593,34,0.02
88595,3,0.0
88597,4,0.0
88599,6,0.0
88601,2,0.0
88603,1,0.0
88605,5,0.0
88607,1,0.0
88633,3,0.0
88638,1,0.0
88640,14,0.01
88642,1,0.0
88646,10,0.01
88649,2,0.0
88652,5,0.0
88654,5,0.0
88670,4,0.0
88672,339,0.24
88674,7,0.01
88676,1,0.0
88678,22,0.02
88680,5,0.0
88682,2,0.0
88688,1,0.0
88690,17,0.01
88692,8,0.01
88694,7,0.01
88697,7,0.01
88699,55,0.04
88701,22,0.02
88704,13,0.01
88706,16,0.01
88724,28,0.02
88726,2,0.0
88734,4,0.0
88740,2,0.0
88742,1,0.0
88744,2312,1.67
88746,85,0.06
88748,1,0.0
88750,2,0.0
88752,1,0.0
88754,1,0.0
88756,3,0.0
88759,4,0.0
88761,2,0.0
88764,24,0.02
88766,2,0.0
88785,297,0.21
88788,2,0.0
88796,2,0.0
88801,1,0.0
88810,1674,1.21
88812,341,0.25
88814,2,0.0
88816,4,0.0
88821,1,0.0
88823,1,0.0
88835,39,0.03
88837,33,0.02
88839,17,0.01
88857,2,0.0
88877,6,0.0
88879,32,0.02
88886,3,0.0
88889,12,0.01
88894,1,0.0
88899,4,0.0
88901,10,0.01
88911,42,0.03
88925,7,0.01
88932,193,0.14
88934,7,0.01
88950,127,0.09
88954,163,0.12
88957,8,0.01
88959,2,0.0
88961,1,0.0
88971,5,0.0
88973,6,0.0
88975,1,0.0
88977,30,0.02
88979,4,0.0
88989,1,0.0
88991,17,0.01
88993,3,0.0
88998,4,0.0
89000,23,0.02
89002,75,0.05
89007,2,0.0
89010,2,0.0
89014,7,0.01
89016,2,0.0
89018,3,0.0
89021,10,0.01
89023,2,0.0
89025,4,0.0
89028,98,0.07
89030,241,0.17
89039,397,0.29
89041,1,0.0
89043,12,0.01
89045,58,0.04
89047,207,0.15
89052,1,0.0
89054,4,0.0
89056,4,0.0
89060,22,0.02
89069,5,0.0
89072,90,0.06
89074,121,0.09
89083,4,0.0
89085,315,0.23
89087,234,0.17
89090,97,0.07
89098,2,0.0
89102,81,0.06
89104,7,0.01
89110,2,0.0
89112,5,0.0
89114,3,0.0
89116,4,0.0
89118,508,0.37
89126,2,0.0
89133,1,0.0
89137,5,0.0
89139,12,0.01
89145,2,0.0
89147,2,0.0
89162,4,0.0
89164,11,0.01
89170,19,0.01
89190,228,0.16
89192,2,0.0
89194,19,0.01
89203,18,0.01
89206,4,0.0
89208,10,0.01
89211,2,0.0
89213,1,0.0
89217,22,0.02
89219,4,0.0
89222,2,0.0
89230,6,0.0
89244,9,0.01
89246,2,0.0
89248,3,0.0
89260,72,0.05
89268,2,0.0
89273,17,0.01
89275,9,0.01
89277,4,0.0
89281,37,0.03
89285,2,0.0
89287,2,0.0
89289,7,0.01
89300,11,0.01
89302,36,0.03
89305,180,0.13
89308,2,0.0
89313,1,0.0
89315,3,0.0
89321,65,0.05
89323,1,0.0
89325,3,0.0
89327,5,0.0
89329,1,0.0
89337,58,0.04
89343,216,0.16
89347,12,0.01
89349,10,0.01
89351,5,0.0
89354,3,0.0
89356,38,0.03
89365,1,0.0
89367,9,0.01
89369,68,0.05
89371,9,0.01
89373,7,0.01
89375,5,0.0
89377,23,0.02
89386,43,0.03
89388,67,0.05
89393,1,0.0
89398,3,0.0
89401,2,0.0
89403,1,0.0
89406,1,0.0
89408,7,0.01
89427,29,0.02
89449,13,0.01
89470,967,0.7
89472,43,0.03
89476,1,0.0
89478,4,0.0
89480,99,0.07
89485,1,0.0
89490,68,0.05
89492,2195,1.58
89501,11,0.01
89506,2,0.0
89516,3,0.0
89521,4,0.0
89523,31,0.02
89527,1,0.0
89532,3,0.0
89535,127,0.09
89537,1,0.0
89545,6,0.0
89549,1,0.0
89551,3,0.0
89554,21,0.02
89570,48,0.03
89580,25,0.02
89582,27,0.02
89584,11,0.01
89586,22,0.02
89588,3,0.0
89590,11,0.01
89592,8,0.01
89594,6,0.0
89596,5,0.0
89598,2,0.0
89607,5,0.0
89610,7,0.01
89613,4,0.0
89616,2,0.0
89618,2,0.0
89620,3,0.0
89623,4,0.0
89629,84,0.06
89632,4,0.0
89635,1,0.0
89638,23,0.02
89650,59,0.04
89658,3,0.0
89662,4,0.0
89664,2,0.0
89666,1,0.0
89668,1,0.0
89670,3,0.0
89674,5,0.0
89676,7,0.01
89678,82,0.06
89701,2,0.0
89703,8,0.01
89705,2,0.0
89707,2,0.0
89712,2,0.0
89714,4,0.0
89718,1,0.0
89720,6,0.0
89722,6,0.0
89730,4,0.0
89732,3,0.0
89745,4959,3.58
89747,7,0.01
89753,831,0.6
89759,590,0.43
89761,314,0.23
89763,3,0.0
89765,6,0.0
89767,5,0.0
89769,2,0.0
89774,949,0.69
89778,4,0.0
89780,124,0.09
89794,7,0.01
89797,4,0.0
89800,3,0.0
89802,2,0.0
89804,981,0.71
89819,2,0.0
89829,1,0.0
89833,1,0.0
89837,89,0.06
89840,294,0.21
89844,6,0.0
89846,51,0.04
89848,5,0.0
89850,1,0.0
89862,62,0.04
89864,1994,1.44
89870,5,0.0
89872,6,0.0
89877,7,0.01
89881,12,0.01
89883,1,0.0
89896,49,0.04
89898,9,0.01
89900,70,0.05
89904,1212,0.88
89908,4,0.0
89910,2,0.0
89912,1,0.0
89924,8,0.01
89926,1,0.0
89930,13,0.01
89932,2,0.0
89936,4,0.0
89939,16,0.01
89941,2,0.0
89945,24,0.02
89961,14,0.01
89963,3,0.0
89965,2,0.0
89967,1,0.0
89969,3,0.0
89971,2,0.0
89973,6,0.0
89977,2,0.0
89979,3,0.0
89983,10,0.01
89985,9,0.01
89988,5,0.0
89990,1,0.0
89994,4,0.0
89997,19,0.01
89999,2,0.0
90005,6,0.0
90007,2,0.0
90009,7,0.01
90011,4,0.0
90015,4,0.0
90017,3,0.0
90019,1,0.0
90021,6,0.0
90049,5,0.0
90052,5,0.0
90055,2,0.0
90057,386,0.28
90059,3,0.0
90061,20,0.01
90064,2,0.0
90066,8,0.01
90068,1,0.0
90071,20,0.01
90084,3,0.0
90086,3,0.0
90090,5,0.0
90104,9,0.01
90106,2,0.0
90108,3,0.0
90112,4,0.0
90114,1,0.0
90118,1,0.0
90127,6,0.0
90133,6,0.0
90154,31,0.02
90167,2,0.0
90170,2,0.0
90172,1,0.0
90183,1,0.0
90196,2,0.0
90199,1,0.0
90201,3,0.0
90203,2,0.0
90206,3,0.0
90208,3,0.0
90211,4,0.0
90235,2,0.0
90237,5,0.0
90239,2,0.0
90241,4,0.0
90243,14,0.01
90245,11,0.01
90247,4,0.0
90249,561,0.41
90252,1,0.0
90254,38,0.03
90256,4,0.0
90258,1,0.0
90260,1,0.0
90264,26,0.02
90266,88,0.06
90268,28,0.02
90270,5,0.0
90273,4,0.0
90279,1,0.0
90281,6,0.0
90284,1,0.0
90286,1,0.0
90288,1,0.0
90292,4,0.0
90303,1,0.0
90306,5,0.0
90308,1,0.0
90310,21,0.02
90312,2,0.0
90314,1,0.0
90319,3,0.0
90321,7,0.01
90327,4,0.0
90339,2,0.0
90341,14,0.01
90343,90,0.06
90345,268,0.19
90350,31,0.02
90353,22,0.02
90355,2,0.0
90357,110,0.08
90359,8,0.01
90364,1,0.0
90371,3,0.0
90374,287,0.21
90376,490,0.35
90378,69,0.05
90380,2,0.0
90382,6,0.0
90384,7,0.01
90397,2,0.0
90403,207,0.15
90405,1040,0.75
90413,13,0.01
90419,2,0.0
90421,21,0.02
90424,22,0.02
90426,10,0.01
90428,65,0.05
90430,408,0.29
90432,4,0.0
90434,21,0.02
90439,608,0.44
90453,2,0.0
90458,2,0.0
90460,8,0.01
90462,1,0.0
90466,1,0.0
90469,214,0.15
90471,56,0.04
90474,47,0.03
90476,41,0.03
90478,2,0.0
90488,2,0.0
90495,1,0.0
90497,1,0.0
90514,1,0.0
90522,203,0.15
90524,143,0.1
90526,2,0.0
90528,104,0.08
90531,542,0.39
90533,3,0.0
90535,2,0.0
90537,6,0.0
90543,3,0.0
90545,3,0.0
90547,6,0.0
90549,3,0.0
90552,1,0.0
90554,1,0.0
90556,8,0.01
90559,2,0.0
90561,11,0.01
90564,10,0.01
90566,3,0.0
90568,2,0.0
90570,2,0.0
90572,1,0.0
90574,9,0.01
90576,154,0.11
90578,78,0.06
90592,16,0.01
90594,1,0.0
90596,2,0.0
90598,6,0.0
90600,426,0.31
90603,184,0.13
90605,2,0.0
90609,4,0.0
90617,1,0.0
90620,65,0.05
90622,1,0.0
90624,79,0.06
90630,29,0.02
90632,5,0.0
90634,2,0.0
90645,142,0.1
90647,537,0.39
90649,20,0.01
90651,5,0.0
90653,2,0.0
90662,11,0.01
90664,1,0.0
90666,2,0.0
90668,2,0.0
90671,3,0.0
90673,2,0.0
90683,2,0.0
90690,2,0.0
90693,3,0.0
90697,2,0.0
90700,8,0.01
90702,1,0.0
90704,3,0.0
90706,4,0.0
90717,374,0.27
90719,295,0.21
90730,12,0.01
90738,91,0.07
90741,3,0.0
90744,3,0.0
90746,1132,0.82
90748,5,0.0
90751,25,0.02
90753,12,0.01
90769,5,0.0
90775,2,0.0
90777,1,0.0
90795,7,0.01
90806,1,0.0
90809,66,0.05
90811,2,0.0
90813,2,0.0
90815,2,0.0
90817,5,0.0
90819,6,0.0
90821,6,0.0
90823,1,0.0
90825,2,0.0
90827,4,0.0
90843,4,0.0
90845,6,0.0
90849,1,0.0
90853,2,0.0
90863,68,0.05
90866,1620,1.17
90868,28,0.02
90870,73,0.05
90873,5,0.0
90876,7,0.01
90878,4,0.0
90883,1,0.0
90886,4,0.0
90888,345,0.25
90890,157,0.11
90895,2,0.0
90897,1,0.0
90899,35,0.03
90903,2,0.0
90907,2,0.0
90910,1,0.0
90912,3,0.0
90914,87,0.06
90916,20,0.01
90929,24,0.02
90931,5,0.0
90933,54,0.04
90935,1,0.0
90937,2,0.0
90939,26,0.02
90943,79,0.06
90945,20,0.01
90947,76,0.05
90949,3,0.0
90951,4,0.0
90953,2,0.0
90958,15,0.01
90960,2,0.0
90963,5,0.0
90965,4,0.0
91007,2,0.0
91010,9,0.01
91012,2,0.0
91014,28,0.02
91026,3,0.0
91028,2,0.0
91031,5,0.0
91035,34,0.02
91037,5,0.0
91044,5,0.0
91046,8,0.01
91048,12,0.01
91054,21,0.02
91056,16,0.01
91058,2,0.0
91065,3,0.0
91067,3,0.0
91069,2,0.0
91071,3,0.0
91073,8,0.01
91075,8,0.01
91077,1336,0.96
91079,196,0.14
91094,507,0.37
91104,516,0.37
91106,2,0.0
91108,3,0.0
91110,1,0.0
91112,11,0.01
91126,323,0.23
91128,259,0.19
91134,238,0.17
91137,8,0.01
91140,1,0.0
91154,1,0.0
91163,1,0.0
91167,2,0.0
91169,5,0.0
91179,1,0.0
91181,3,0.0
91187,2,0.0
91189,3,0.0
91191,6,0.0
91193,2,0.0
91195,2,0.0
91199,117,0.08
91201,7,0.01
91204,1,0.0
91206,5,0.0
91208,1,0.0
91211,3,0.0
91213,3,0.0
91216,3,0.0
91218,2,0.0
91223,3,0.0
91227,11,0.01
91229,3,0.0
91231,1,0.0
91233,127,0.09
91235,1,0.0
91241,12,0.01
91243,11,0.01
91246,2,0.0
91248,1,0.0
91250,6,0.0
91253,2,0.0
91256,4,0.0
91261,14,0.01
91266,34,0.02
91268,1,0.0
91271,2,0.0
91273,47,0.03
91284,2,0.0
91286,8,0.01
91288,11,0.01
91290,53,0.04
91298,3,0.0
91302,12,0.01
91304,14,0.01
91306,2,0.0
91309,3,0.0
91323,150,0.11
91325,235,0.17
91331,1,0.0
91333,4,0.0
91335,18,0.01
91337,3,0.0
91339,9,0.01
91351,17,0.01
91353,20,0.01
91355,34,0.02
91360,4,0.0
91362,2,0.0
91371,75,0.05
91386,73,0.05
91388,1,0.0
91391,2,0.0
91393,2,0.0
91395,3,0.0
91414,125,0.09
91416,35,0.03
91419,4,0.0
91421,3,0.0
91423,3,0.0
91425,4,0.0
91429,7,0.01
91442,4,0.0
91444,2,0.0
91446,4,0.0
91448,4,0.0
91450,12,0.01
91461,14,0.01
91470,22,0.02
91474,49,0.04
91483,44,0.03
91485,505,0.36
91488,78,0.06
91490,21,0.02
91492,3,0.0
91494,2,0.0
91500,3550,2.56
91503,1,0.0
91505,31,0.02
91509,1,0.0
91511,2,0.0
91513,3,0.0
91515,45,0.03
91517,3,0.0
91529,4770,3.44
91531,1,0.0
91533,2,0.0
91535,788,0.57
91537,13,0.01
91540,15,0.01
91542,2383,1.72
91548,94,0.07
91554,3,0.0
91556,5,0.0
91558,4,0.0
91560,3,0.0
91562,1,0.0
91564,2,0.0
91566,1,0.0
91571,105,0.08
91573,1,0.0
91582,8,0.01
91586,1,0.0
91589,2,0.0
91591,3,0.0
91593,3,0.0
91595,4,0.0
91597,21,0.02
91599,5,0.0
91601,6,0.0
91603,6,0.0
91605,3,0.0
91610,3,0.0
91612,3,0.0
91615,3,0.0
91617,3,0.0
91619,1,0.0
91622,356,0.26
91624,1,0.0
91626,30,0.02
91628,153,0.11
91630,1914,1.38
91632,13,0.01
91634,15,0.01
91653,360,0.26
91655,5,0.0
91658,2368,1.71
91660,103,0.07
91666,6,0.0
91671,66,0.05
91673,91,0.07
91681,47,0.03
91683,1,0.0
91688,12,0.01
91690,127,0.09
91692,4,0.0
91694,30,0.02
91697,5,0.0
91707,26,0.02
91709,5,0.0
91711,2,0.0
91713,3,0.0
91715,6,0.0
91718,2,0.0
91727,3,0.0
91729,3,0.0
91741,2,0.0
91743,16,0.01
91745,1,0.0
91747,4,0.0
91749,4,0.0
91752,64,0.05
91755,12,0.01
91757,8,0.01
91762,10,0.01
91766,3,0.0
91768,1,0.0
91770,3,0.0
91782,4,0.0
91784,18,0.01
91786,7,0.01
91789,4,0.0
91793,5,0.0
91795,4,0.0
91797,4,0.0
91799,5,0.0
91805,5,0.0
91808,45,0.03
91821,43,0.03
91823,27,0.02
91826,15,0.01
91829,9,0.01
91831,54,0.04
91834,5,0.0
91840,15,0.01
91842,227,0.16
91844,22,0.02
91852,1,0.0
91854,3,0.0
91856,1,0.0
91858,6,0.0
91860,1,0.0
91862,4,0.0
91866,8,0.01
91869,119,0.09
91871,1,0.0
91873,18,0.01
91880,2,0.0
91882,8,0.01
91884,1,0.0
91886,54,0.04
91888,33,0.02
91890,319,0.23
91894,5,0.0
91896,4,0.0
91902,31,0.02
91904,2,0.0
91906,3,0.0
91908,6,0.0
91911,5,0.0
91914,2,0.0
91919,5,0.0
91921,1,0.0
91924,1,0.0
91927,6,0.0
91929,18,0.01
91933,2,0.0
91935,14,0.01
91937,17,0.01
91947,34,0.02
91952,13,0.01
91954,7,0.01
91957,9,0.01
91960,2,0.0
91970,6,0.0
91972,55,0.04
91974,320,0.23
91976,489,0.35
91978,262,0.19
91981,1,0.0
91983,11,0.01
91987,14,0.01
91991,6,0.0
91993,2,0.0
91995,3,0.0
91997,1,0.0
92001,4,0.0
92004,1,0.0
92006,6,0.0
92008,295,0.21
92010,3,0.0
92023,2,0.0
92025,1,0.0
92027,2,0.0
92029,2,0.0
92032,2,0.0
92046,4,0.0
92048,87,0.06
92058,83,0.06
92062,1,0.0
92064,5,0.0
92079,5,0.0
92083,5,0.0
92085,3,0.0
92094,10,0.01
92096,17,0.01
92099,4,0.0
92102,6,0.0
92104,5,0.0
92106,8,0.01
92118,3,0.0
92120,5,0.0
92122,24,0.02
92124,2,0.0
92126,5,0.0
92128,4,0.0
92130,6,0.0
92132,4,0.0
92134,1,0.0
92136,5,0.0
92152,45,0.03
92154,13,0.01
92156,9,0.01
92159,7,0.01
92161,2,0.0
92163,1,0.0
92165,3,0.0
92167,2,0.0
92169,15,0.01
92172,2,0.0
92174,3,0.0
92176,2,0.0
92178,2,0.0
92180,3,0.0
92182,2,0.0
92184,5,0.0
92186,11,0.01
92188,4,0.0
92192,155,0.11
92196,2,0.0
92198,63,0.05
92200,1,0.0
92204,9,0.01
92206,41,0.03
92208,3,0.0
92210,44,0.03
92214,54,0.04
92222,14,0.01
92224,2,0.0
92229,1,0.0
92231,1,0.0
92234,77,0.06
92236,38,0.03
92240,1,0.0
92243,82,0.06
92245,1,0.0
92250,1,0.0
92252,4,0.0
92255,4,0.0
92257,3,0.0
92259,2738,1.98
92262,16,0.01
92264,104,0.08
92266,1,0.0
92270,7,0.01
92272,1,0.0
92307,22,0.02
92309,93,0.07
92314,15,0.01
92321,1,0.0
92325,4,0.0
92335,48,0.03
92341,2,0.0
92343,1,0.0
92348,4,0.0
92352,14,0.01
92354,4,0.0
92357,12,0.01
92371,4,0.0
92374,4,0.0
92376,1,0.0
92378,3,0.0
92380,1,0.0
92382,1,0.0
92389,3,0.0
92391,75,0.05
92393,40,0.03
92399,2,0.0
92408,1,0.0
92410,1,0.0
92412,2,0.0
92416,3,0.0
92418,1,0.0
92420,920,0.66
92422,301,0.22
92424,6,0.0
92427,8,0.01
92435,1,0.0
92437,21,0.02
92439,76,0.05
92441,5,0.0
92446,2,0.0
92448,16,0.01
92453,7,0.01
92455,4,0.0
92457,5,0.0
92461,5,0.0
92471,2,0.0
92475,64,0.05
92477,1,0.0
92479,1,0.0
92481,10,0.01
92483,2,0.0
92490,16,0.01
92494,53,0.04
92496,26,0.02
92498,38,0.03
92500,31,0.02
92507,431,0.31
92509,255,0.18
92511,6,0.0
92514,4,0.0
92518,5,0.0
92520,1,0.0
92522,2,0.0
92533,8,0.01
92535,826,0.6
92593,3,0.0
92600,2,0.0
92606,13,0.01
92611,1,0.0
92613,2,0.0
92633,2,0.0
92635,2,0.0
92637,15,0.01
92639,1,0.0
92641,1,0.0
92643,157,0.11
92646,3,0.0
92648,1,0.0
92652,6,0.0
92658,1,0.0
92660,1,0.0
92665,36,0.03
92670,3,0.0
92672,2,0.0
92674,9,0.01
92676,5,0.0
92681,87,0.06
92683,1,0.0
92685,1,0.0
92687,21,0.02
92691,1,0.0
92694,135,0.1
92696,14,0.01
92698,1,0.0
92702,13,0.01
92713,2,0.0
92715,5,0.0
92719,41,0.03
92726,2,0.0
92728,7,0.01
92730,10,0.01
92738,9,0.01
92740,6,0.0
92747,5,0.0
92749,1,0.0
92751,14,0.01
92756,4,0.0
92758,1,0.0
92760,4,0.0
92768,29,0.02
92781,4,0.0
92783,1,0.0
92787,3,0.0
92789,5,0.0
92793,5,0.0
92804,10,0.01
92817,20,0.01
92819,15,0.01
92829,25,0.02
92836,10,0.01
92841,15,0.01
92843,2,0.0
92852,5,0.0
92867,6,0.0
92872,1,0.0
92874,5,0.0
92881,1,0.0
92883,2,0.0
92885,2,0.0
92887,4,0.0
92894,4,0.0
92904,30,0.02
92906,1,0.0
92910,4,0.0
92918,2,0.0
92920,91,0.07
92923,18,0.01
92935,1,0.0
92938,196,0.14
92944,32,0.02
92946,1,0.0
92948,2,0.0
92954,17,0.01
92956,1,0.0
92963,1,0.0
92966,13,0.01
92968,4,0.0
92980,1,0.0
93006,25,0.02
93008,12,0.01
93014,18,0.01
93022,9,0.01
93024,32,0.02
93029,4,0.0
93035,2,0.0
93037,2,0.0
93040,256,0.18
93061,11,0.01
93063,4,0.0
93070,1,0.0
93083,1,0.0
93114,4,0.0
93116,4,0.0
93126,29,0.02
93128,11,0.01
93132,12,0.01
93134,30,0.02
93136,3,0.0
93139,9,0.01
93142,16,0.01
93162,1,0.0
93164,44,0.03
93168,3,0.0
93172,15,0.01
93181,2,0.0
93183,7,0.01
93185,2,0.0
93187,1,0.0
93189,1,0.0
93191,2,0.0
93193,14,0.01
93196,4,0.0
93201,2,0.0
93204,1,0.0
93206,1,0.0
93208,20,0.01
93210,4,0.0
93212,48,0.03
93217,1,0.0
93240,27,0.02
93242,80,0.06
93263,1,0.0
93265,89,0.06
93267,13,0.01
93270,236,0.17
93272,213,0.15
93279,3,0.0
93287,120,0.09
93289,5,0.0
93291,2,0.0
93295,5,0.0
93297,191,0.14
93320,37,0.03
93322,4,0.0
93324,30,0.02
93326,287,0.21
93328,7,0.01
93330,8,0.01
93333,5,0.0
93336,6,0.0
93344,3,0.0
93351,4,0.0
93363,625,0.45
93365,14,0.01
93367,4,0.0
93376,5,0.0
93379,6,0.0
93391,2,0.0
93393,1,0.0
93399,1,0.0
93404,13,0.01
93406,2,0.0
93408,3,0.0
93418,12,0.01
93420,30,0.02
93422,66,0.05
93432,44,0.03
93437,1,0.0
93439,1,0.0
93441,3,0.0
93443,206,0.15
93448,1,0.0
93450,1,0.0
93455,2,0.0
93457,27,0.02
93459,5,0.0
93463,3,0.0
93467,7,0.01
93469,2,0.0
93473,14,0.01
93475,106,0.08
93479,12,0.01
93481,8,0.01
93484,2,0.0
93490,4,0.0
93492,5,0.0
93496,10,0.01
93498,253,0.18
93500,2,0.0
93502,28,0.02
93504,2,0.0
93510,1258,0.91
93512,258,0.19
93516,9,0.01
93520,5,0.0
93522,2,0.0
93531,2,0.0
93533,3,0.0
93535,3,0.0
93544,1,0.0
93547,1,0.0
93550,2,0.0
93552,2,0.0
93563,208,0.15
93568,8,0.01
93570,17,0.01
93572,9,0.01
93574,14,0.01
93578,27,0.02
93583,1,0.0
93598,41,0.03
93610,25,0.02
93612,7,0.01
93621,3,0.0
93628,3,0.0
93641,4,0.0
93649,5,0.0
93652,1,0.0
93654,1,0.0
93656,1,0.0
93659,3,0.0
93665,2,0.0
93667,1,0.0
93669,1,0.0
93672,2,0.0
93674,3,0.0
93676,8,0.01
93693,58,0.04
93700,17,0.01
93702,1,0.0
93707,1,0.0
93709,6,0.0
93717,2,0.0
93719,8,0.01
93721,464,0.34
93723,82,0.06
93725,4,0.0
93727,2,0.0
93729,4,0.0
93731,2,0.0
93733,3,0.0
93740,225,0.16
93742,5,0.0
93748,23,0.02
93750,16,0.01
93752,8,0.01
93757,2,0.0
93764,15,0.01
93766,278,0.2
93768,4,0.0
93775,3,0.0
93782,3,0.0
93785,3,0.0
93790,105,0.08
93792,1,0.0
93797,14,0.01
93801,5,0.0
93803,20,0.01
93805,382,0.28
93816,5,0.0
93819,36,0.03
93821,7,0.01
93831,279,0.2
93834,4,0.0
93838,464,0.34
93840,1757,1.27
93842,26,0.02
93855,286,0.21
93859,1,0.0
93865,15,0.01
93885,2,0.0
93888,3,0.0
93890,2,0.0
93892,56,0.04
93894,5,0.0
93900,4,0.0
93905,1,0.0
93907,2,0.0
93909,4,0.0
93911,1,0.0
93914,4,0.0
93916,8,0.01
93918,7,0.01
93921,3,0.0
93923,8,0.01
93928,4,0.0
93931,1,0.0
93933,51,0.04
93939,29,0.02
93946,16,0.01
93948,5,0.0
93950,4,0.0
93952,18,0.01
93954,46,0.03
93963,3,0.0
93967,1,0.0
93970,5,0.0
93980,47,0.03
93982,143,0.1
93988,147,0.11
93991,2,0.0
94005,5,0.0
94011,6,0.0
94015,189,0.14
94018,423,0.31
94022,7,0.01
94024,31,0.02
94027,2,0.0
94041,11,0.01
94044,9,0.01
94061,10,0.01
94068,7,0.01
94070,609,0.44
94074,24,0.02
94080,1,0.0
94083,2,0.0
94101,3,0.0
94103,4,0.0
94107,1,0.0
94109,28,0.02
94112,6,0.0
94114,2,0.0
94120,1,0.0
94122,15,0.01
94126,75,0.05
94128,4,0.0
94130,56,0.04
94133,3,0.0
94142,5,0.0
94144,2,0.0
94146,2,0.0
94148,1,0.0
94150,108,0.08
94153,2,0.0
94155,5,0.0
94157,5,0.0
94160,18,0.01
94184,3,0.0
94186,1,0.0
94188,1,0.0
94190,3,0.0
94192,3,0.0
94202,2,0.0
94204,5,0.0
94218,5,0.0
94220,3,0.0
94222,7,0.01
94262,5,0.0
94264,3,0.0
94266,271,0.2
94268,1,0.0
94271,7,0.01
94278,6,0.0
94280,5,0.0
94283,2,0.0
94289,6,0.0
94291,3,0.0
94299,7,0.01
94301,3,0.0
94304,4,0.0
94306,3,0.0
94308,1,0.0
94310,2,0.0
94312,1,0.0
94314,6,0.0
94323,42,0.03
94325,89,0.06
94327,1,0.0
94337,1,0.0
94339,2,0.0
94341,2,0.0
94350,4,0.0
94352,6,0.0
94365,1,0.0
94394,6,0.0
94401,23,0.02
94403,4,0.0
94405,180,0.13
94407,2,0.0
94410,28,0.02
94412,9,0.01
94417,1,0.0
94419,1,0.0
94421,2,0.0
94423,4,0.0
94425,1,0.0
94427,1,0.0
94429,4,0.0
94431,1,0.0
94433,1,0.0
94439,10,0.01
94442,1,0.0
94444,11,0.01
94466,582,0.42
94469,39,0.03
94471,3,0.0
94473,1,0.0
94475,2,0.0
94478,494,0.36
94480,41,0.03
94482,11,0.01
94486,3,0.0
94491,5,0.0
94494,8,0.01
94496,12,0.01
94503,40,0.03
94531,1,0.0
94537,3,0.0
94539,4,0.0
94542,12,0.01
94545,1,0.0
94556,9,0.01
94558,44,0.03
94573,2,0.0
94647,2,0.0
94649,5,0.0
94653,5,0.0
94655,3,0.0
94657,1,0.0
94659,9,0.01
94661,9,0.01
94663,14,0.01
94666,1,0.0
94668,2,0.0
94670,1,0.0
94672,5,0.0
94675,10,0.01
94677,530,0.38
94679,6,0.0
94681,2,0.0
94727,4,0.0
94729,1,0.0
94733,6,0.0
94735,10,0.01
94737,1,0.0
94739,13,0.01
94746,30,0.02
94748,6,0.0
94750,6,0.0
94752,17,0.01
94760,2,0.0
94762,3,0.0
94765,4,0.0
94767,1,0.0
94769,2,0.0
94772,4,0.0
94777,983,0.71
94780,540,0.39
94782,3,0.0
94784,4,0.0
94786,1,0.0
94788,2,0.0
94790,2,0.0
94799,73,0.05
94801,4,0.0
94803,13,0.01
94806,2,0.0
94810,29,0.02
94813,63,0.05
94815,21,0.02
94817,1,0.0
94819,2,0.0
94831,1,0.0
94833,180,0.13
94835,1,0.0
94837,28,0.02
94839,5,0.0
94841,35,0.03
94864,2053,1.48
94867,39,0.03
94891,1,0.0
94893,6,0.0
94896,300,0.22
94900,5,0.0
94902,4,0.0
94904,1,0.0
94917,7,0.01
94919,12,0.01
94924,3,0.0
94928,2,0.0
94931,126,0.09
94933,1,0.0
94939,40,0.03
94941,3,0.0
94945,1,0.0
94949,1,0.0
94951,7,0.01
94953,160,0.12
94955,3,0.0
94957,4,0.0
94959,2312,1.67
94965,6,0.0
94967,22,0.02
94969,47,0.03
94972,1,0.0
94974,47,0.03
94978,22,0.02
94980,5,0.0
94982,1,0.0
94985,173,0.12
94987,2,0.0
94989,3,0.0
94998,19,0.01
95000,7,0.01
95002,46,0.03
95004,38,0.03
95007,9,0.01
95010,5,0.0
95012,3,0.0
95014,5,0.0
95016,1,0.0
95018,2,0.0
95021,7,0.01
95023,2,0.0
95026,15,0.01
95028,3,0.0
95032,10,0.01
95034,14,0.01
95036,2,0.0
95052,2,0.0
95054,2,0.0
95058,146,0.11
95064,2,0.0
95067,66,0.05
95069,19,0.01
95085,1,0.0
95088,720,0.52
95105,260,0.19
95107,1,0.0
95109,1,0.0
95111,3,0.0
95113,8,0.01
95115,8,0.01
95133,18,0.01
95135,115,0.08
95137,6,0.0
95139,6,0.0
95145,7,0.01
95147,7,0.01
95149,55,0.04
95151,10,0.01
95153,6,0.0
95157,4,0.0
95159,2,0.0
95163,6,0.0
95165,12,0.01
95167,1224,0.88
95170,29,0.02
95175,10,0.01
95177,2,0.0
95179,1,0.0
95182,16,0.01
95185,13,0.01
95193,27,0.02
95197,29,0.02
95199,86,0.06
95201,254,0.18
95205,3,0.0
95207,364,0.26
95214,1,0.0
95216,5,0.0
95218,43,0.03
95223,12,0.01
95230,1,0.0
95232,2,0.0
95234,6,0.0
95237,38,0.03
95285,2,0.0
95288,4,0.0
95290,1,0.0
95294,4,0.0
95296,7,0.01
95298,6,0.0
95300,5,0.0
95302,1,0.0
95305,1,0.0
95307,166,0.12
95309,298,0.22
95311,168,0.12
95313,125,0.09
95352,4,0.0
95375,55,0.04
95377,105,0.08
95425,4,0.0
95427,2,0.0
95441,999,0.72
95443,44,0.03
95446,37,0.03
95449,269,0.19
95461,10,0.01
95473,15,0.01
95475,12,0.01
95477,2,0.0
95480,3,0.0
95482,7,0.01
95484,3,0.0
95486,2,0.0
95488,79,0.06
95491,10,0.01
95494,2,0.0
95497,11,0.01
95499,16,0.01
95504,2,0.0
95506,10,0.01
95508,40,0.03
95510,1914,1.38
95517,1,0.0
95519,9,0.01
95521,5,0.0
95524,6,0.0
95529,2,0.0
95531,6,0.0
95533,7,0.01
95539,8,0.01
95541,4,0.0
95543,261,0.19
95558,521,0.38
95560,1,0.0
95563,1,0.0
95565,2,0.0
95567,90,0.06
95570,4,0.0
95572,2,0.0
95574,3,0.0
95576,1,0.0
95578,1,0.0
95581,1,0.0
95583,194,0.14
95588,13,0.01
95591,5,0.0
95595,2,0.0
95597,1,0.0
95600,4,0.0
95602,8,0.01
95604,12,0.01
95606,3,0.0
95611,4,0.0
95613,5,0.0
95615,3,0.0
95617,1,0.0
95624,16,0.01
95628,22,0.02
95652,1,0.0
95654,128,0.09
95658,2,0.0
95670,19,0.01
95672,5,0.0
95688,3,0.0
95690,9,0.01
95695,1,0.0
95705,1,0.0
95717,8,0.01
95720,220,0.16
95732,5,0.0
95735,4,0.0
95738,10,0.01
95740,6,0.0
95742,6,0.0
95744,86,0.06
95746,2,0.0
95748,4,0.0
95750,1,0.0
95752,4,0.0
95754,8,0.01
95756,20,0.01
95758,1,0.0
95761,212,0.15
95765,4,0.0
95767,2,0.0
95769,1,0.0
95771,11,0.01
95773,15,0.01
95776,2,0.0
95780,14,0.01
95782,11,0.01
95784,5,0.0
95794,1,0.0
95796,17,0.01
95804,34,0.02
95814,4,0.0
95816,30,0.02
95830,3,0.0
95832,2,0.0
95835,12,0.01
95837,3,0.0
95839,22,0.02
95843,3,0.0
95854,1,0.0
95856,53,0.04
95858,213,0.15
95873,350,0.25
95875,736,0.53
95890,7,0.01
95896,3,0.0
95898,6,0.0
95901,1,0.0
95926,3,0.0
95932,24,0.02
95935,1,0.0
95937,5,0.0
95939,105,0.08
95941,3,0.0
95945,1,0.0
95949,2,0.0
95961,1,0.0
95963,9,0.01
95965,17,0.01
95967,4,0.0
95969,3,0.0
95971,9,0.01
95973,15,0.01
95975,4,0.0
95977,1,0.0
95979,1,0.0
95982,3,0.0
95984,4,0.0
96002,8,0.01
96004,17,0.01
96007,7,0.01
96009,7,0.01
96018,1,0.0
96020,37,0.03
96022,4,0.0
96024,2,0.0
96026,6,0.0
96028,1,0.0
96030,3,0.0
96034,4,0.0
96052,3,0.0
96054,9,0.01
96056,4,0.0
96058,17,0.01
96060,1,0.0
96062,32,0.02
96064,10,0.01
96066,9,0.01
96069,15,0.01
96071,6,0.0
96075,36,0.03
96079,2843,2.05
96082,1,0.0
96084,2,0.0
96096,6,0.0
96098,11,0.01
96105,1,0.0
96110,312,0.23
96112,4,0.0
96114,16,0.01
96121,136,0.1
96131,2,0.0
96144,1,0.0
96146,1,0.0
96148,1,0.0
96150,144,0.1
96160,1,0.0
96170,2,0.0
96179,1,0.0
96181,7,0.01
96195,13,0.01
96197,4,0.0
96200,8,0.01
96210,2,0.0
96212,7,0.01
96214,8,0.01
96216,3,0.0
96218,1,0.0
96221,1,0.0
96223,2,0.0
96225,1,0.0
96227,3,0.0
96239,7,0.01
96242,3,0.0
96246,1,0.0
96250,1,0.0
96252,12,0.01
96255,2,0.0
96257,1,0.0
96259,5,0.0
96264,2,0.0
96266,11,0.01
96273,1,0.0
96277,1,0.0
96281,379,0.27
96283,40,0.03
96286,4,0.0
96288,1,0.0
96290,1,0.0
96292,1,0.0
96294,1,0.0
96296,6,0.0
96298,2,0.0
96300,1,0.0
96302,23,0.02
96304,21,0.02
96306,14,0.01
96314,109,0.08
96316,2,0.0
96337,8,0.01
96347,8,0.01
96367,72,0.05
96370,5,0.0
96373,30,0.02
96383,4,0.0
96401,4,0.0
96405,18,0.01
96407,19,0.01
96409,1,0.0
96411,42,0.03
96413,3,0.0
96415,15,0.01
96417,294,0.21
96419,7,0.01
96421,7,0.01
96423,3,0.0
96428,7,0.01
96430,84,0.06
96432,287,0.21
96435,3,0.0
96448,55,0.04
96451,1,0.0
96456,30,0.02
96460,7,0.01
96467,103,0.07
96469,7,0.01
96471,8,0.01
96473,8,0.01
96479,3,0.0
96481,1,0.0
96486,5,0.0
96488,534,0.39
96490,63,0.05
96496,16,0.01
96498,5,0.0
96501,34,0.02
96504,1,0.0
96510,27,0.02
96512,11,0.01
96514,8,0.01
96516,1,0.0
96518,1,0.0
96520,6,0.0
96522,1,0.0
96524,1,0.0
96530,5,0.0
96532,1,0.0
96535,2,0.0
96537,7,0.01
96539,1,0.0
96543,10,0.01
96545,7,0.01
96547,1,0.0
96563,46,0.03
96565,80,0.06
96567,88,0.06
96569,23,0.02
96571,3,0.0
96574,5,0.0
96578,4,0.0
96585,1,0.0
96588,544,0.39
96590,35,0.03
96592,25,0.02
96594,1,0.0
96596,29,0.02
96601,1,0.0
96603,1,0.0
96606,288,0.21
96608,7,0.01
96610,2855,2.06
96612,129,0.09
96614,1,0.0
96616,97,0.07
96621,12,0.01
96629,7,0.01
96631,1,0.0
96634,14,0.01
96638,5,0.0
96640,5,0.0
96642,1,0.0
96644,5,0.0
96651,1,0.0
96653,1,0.0
96655,388,0.28
96662,26,0.02
96664,18,0.01
96667,65,0.05
96669,3,0.0
96671,3,0.0
96679,5,0.0
96681,3,0.0
96683,4,0.0
96687,27,0.02
96689,2,0.0
96691,202,0.15
96693,135,0.1
96697,1,0.0
96700,29,0.02
96702,1,0.0
96704,1,0.0
96706,1,0.0
96710,3,0.0
96717,2,0.0
96722,1,0.0
96724,2,0.0
96726,20,0.01
96728,452,0.33
96730,1,0.0
96732,3,0.0
96734,2,0.0
96737,680,0.49
96739,1,0.0
96748,5,0.0
96751,179,0.13
96753,10,0.01
96755,1,0.0
96757,1,0.0
96759,3,0.0
96762,21,0.02
96764,1,0.0
96769,1,0.0
96771,1,0.0
96773,3,0.0
96775,2,0.0
96789,1,0.0
96792,5,0.0
96794,2,0.0
96796,2,0.0
96799,1,0.0
96801,3,0.0
96803,1,0.0
96805,2,0.0
96807,2,0.0
96809,1,0.0
96811,623,0.45
96813,2,0.0
96815,117,0.08
96817,4,0.0
96821,1410,1.02
96829,628,0.45
96832,192,0.14
96834,24,0.02
96836,6,0.0
96840,6,0.0
96842,1,0.0
96845,5,0.0
96849,14,0.01
96851,1,0.0
96853,12,0.01
96857,86,0.06
96859,5,0.0
96861,401,0.29
96863,41,0.03
96865,2,0.0
96868,28,0.02
96870,5,0.0
96872,2,0.0
96894,2,0.0
96897,12,0.01
96901,4,0.0
96903,1,0.0
96905,2,0.0
96907,1,0.0
96909,15,0.01
96911,118,0.09
96917,72,0.05
96919,1,0.0
96921,1,0.0
96923,3,0.0
96925,1,0.0
96927,1,0.0
96933,6,0.0
96935,3,0.0
96937,3,0.0
96939,1,0.0
96941,22,0.02
96943,3,0.0
96945,6,0.0
96947,2,0.0
96950,3,0.0
96952,13,0.01
96954,2,0.0
96960,1,0.0
96962,1,0.0
96964,52,0.04
96966,28,0.02
96969,42,0.03
96971,5,0.0
96973,2,0.0
96975,34,0.02
96983,2,0.0
96985,3,0.0
96991,52,0.04
96993,2,0.0
97002,18,0.01
97005,8,0.01
97008,2,0.0
97010,2,0.0
97024,161,0.12
97026,2,0.0
97029,1,0.0
97031,4,0.0
97035,4,0.0
97037,1,0.0
97039,1,0.0
97042,4,0.0
97046,4,0.0
97051,8,0.01
97055,6,0.0
97057,133,0.1
97059,16,0.01
97061,2,0.0
97065,8,0.01
97068,3,0.0
97070,1,0.0
97073,1,0.0
97092,1,0.0
97094,2,0.0
97096,5,0.0
97115,1,0.0
97117,1,0.0
97119,2,0.0
97124,2,0.0
97128,3,0.0
97132,20,0.01
97134,1,0.0
97137,1,0.0
97139,1,0.0
97146,1,0.0
97148,2,0.0
97151,2,0.0
97153,4,0.0
97161,2,0.0
97163,1,0.0
97165,4,0.0
97168,73,0.05
97172,241,0.17
97175,9,0.01
97177,9,0.01
97184,1,0.0
97186,17,0.01
97188,232,0.17
97190,1,0.0
97192,2,0.0
97194,3,0.0
97196,6,0.0
97200,4,0.0
97216,8,0.01
97220,7,0.01
97225,251,0.18
97230,48,0.03
97232,35,0.03
97234,12,0.01
97236,2,0.0
97238,3,0.0
97240,2,0.0
97242,6,0.0
97244,12,0.01
97246,4,0.0
97250,5,0.0
97252,3,0.0
97254,1,0.0
97256,4,0.0
97280,9,0.01
97283,2,0.0
97285,3,0.0
97296,3,0.0
97300,4,0.0
97302,8,0.01
97304,2468,1.78
97306,891,0.64
97308,16,0.01
97311,76,0.05
97319,2,0.0
97324,42,0.03
97326,21,0.02
97328,92,0.07
97330,3,0.0
97332,2,0.0
97334,4,0.0
97336,1,0.0
97382,5,0.0
97384,4,0.0
97386,1,0.0
97388,23,0.02
97390,7,0.01
97393,72,0.05
97395,68,0.05
97397,9,0.01
97401,6,0.0
97423,12,0.01
97455,9,0.01
97457,1,0.0
97460,2,0.0
97462,19,0.01
97464,2,0.0
97466,5,0.0
97468,2,0.0
97470,22,0.02
97494,2,0.0
97526,2,0.0
97533,3,0.0
97536,2,0.0
97538,1,0.0
97540,4,0.0
97542,3,0.0
97544,4,0.0
97546,1,0.0
97548,1,0.0
97550,1,0.0
97552,4,0.0
97593,6,0.0
97595,5,0.0
97597,7,0.01
97600,1,0.0
97615,3,0.0
97639,41,0.03
97643,46,0.03
97646,1,0.0
97648,29,0.02
97650,2,0.0
97660,10,0.01
97662,16,0.01
97665,21,0.02
97667,2,0.0
97670,2,0.0
97673,113,0.08
97680,1,0.0
97685,3,0.0
97688,3,0.0
97690,3,0.0
97692,21,0.02
97694,6,0.0
97697,6,0.0
97699,9,0.01
97701,78,0.06
97703,2,0.0
97705,2,0.0
97707,2,0.0
97709,14,0.01
97711,1,0.0
97713,3,0.0
97715,11,0.01
97722,7,0.01
97724,2,0.0
97726,2,0.0
97730,3,0.0
97732,2,0.0
97740,11,0.01
97742,58,0.04
97744,47,0.03
97752,1541,1.11
97755,1,0.0
97757,87,0.06
97759,1,0.0
97761,1,0.0
97763,2,0.0
97765,3,0.0
97768,4,0.0
97773,23,0.02
97775,4,0.0
97779,22,0.02
97781,2,0.0
97785,79,0.06
97787,1,0.0
97789,2,0.0
97792,1,0.0
97794,1,0.0
97797,9,0.01
97799,5,0.0
97801,4,0.0
97806,2,0.0
97808,2,0.0
97815,1,0.0
97817,5,0.0
97819,4,0.0
97821,1,0.0
97823,2,0.0
97826,9,0.01
97828,5,0.0
97832,40,0.03
97834,16,0.01
97836,109,0.08
97845,1,0.0
97847,1,0.0
97849,2,0.0
97853,3,0.0
97855,1,0.0
97858,15,0.01
97860,284,0.21
97866,205,0.15
97868,9,0.01
97870,195,0.14
97872,1,0.0
97874,1,0.0
97876,1,0.0
97878,1,0.0
97880,6,0.0
97882,5,0.0
97884,2,0.0
97886,3,0.0
97888,1,0.0
97895,15,0.01
97897,1,0.0
97899,1,0.0
97904,39,0.03
97906,3,0.0
97908,17,0.01
97910,1,0.0
97913,1485,1.07
97915,1,0.0
97917,1,0.0
97919,1,0.0
97921,2149,1.55
97923,806,0.58
97933,34,0.02
97936,187,0.14
97938,1871,1.35
97940,4,0.0
97946,22,0.02
97948,2,0.0
97950,109,0.08
97955,1,0.0
97957,48,0.03
97959,18,0.01
97966,12,0.01
97968,10,0.01
97971,3,0.0
97973,1,0.0
97984,23,0.02
97986,11,0.01
97988,44,0.03
97994,1,0.0
97998,8,0.01
98000,5,0.0
98004,2,0.0
98007,2,0.0
98013,24,0.02
98015,7,0.01
98017,72,0.05
98019,17,0.01
98022,14,0.01
98027,1,0.0
98030,2,0.0
98032,2,0.0
98034,3,0.0
98036,7,0.01
98041,1,0.0
98043,3,0.0
98045,3,0.0
98052,5,0.0
98054,65,0.05
98056,277,0.2
98059,3,0.0
98061,2,0.0
98063,3,0.0
98065,13,0.01
98067,10,0.01
98069,2,0.0
98072,1,0.0
98076,2,0.0
98080,2,0.0
98083,46,0.03
98085,6,0.0
98087,27,0.02
98107,5,0.0
98109,12,0.01
98111,5,0.0
98114,3,0.0
98116,7,0.01
98120,10,0.01
98122,101,0.07
98124,320,0.23
98126,12,0.01
98131,1,0.0
98140,2,0.0
98142,4,0.0
98144,3,0.0
98151,3,0.0
98154,1024,0.74
98160,8,0.01
98162,1,0.0
98167,2,0.0
98171,2,0.0
98173,3,0.0
98175,26,0.02
98187,1,0.0
98189,14,0.01
98191,1,0.0
98193,50,0.04
98198,12,0.01
98200,5,0.0
98203,310,0.22
98211,3,0.0
98213,2,0.0
98217,3,0.0
98219,2,0.0
98221,4,0.0
98224,2,0.0
98228,1,0.0
98230,44,0.03
98237,10,0.01
98239,109,0.08
98241,3,0.0
98243,310,0.22
98246,3,0.0
98248,2,0.0
98251,2,0.0
98253,3,0.0
98261,2,0.0
98271,1,0.0
98273,3,0.0
98275,3,0.0
98277,3,0.0
98279,31,0.02
98284,3,0.0
98286,1,0.0
98288,2,0.0
98290,6,0.0
98294,2,0.0
98296,67,0.05
98298,2,0.0
98304,2,0.0
98306,1,0.0
98323,1,0.0
98325,1,0.0
98328,1,0.0
98335,1,0.0
98337,1,0.0
98339,2,0.0
98341,5,0.0
98344,1,0.0
98346,1,0.0
98348,1,0.0
98353,2,0.0
98358,6,0.0
98361,99,0.07
98367,6,0.0
98369,39,0.03
98373,56,0.04
98376,2,0.0
98378,7,0.01
98381,6,0.0
98383,1,0.0
98385,1,0.0
98387,2,0.0
98391,2,0.0
98394,3,0.0
98400,21,0.02
98402,10,0.01
98404,1,0.0
98406,1,0.0
98409,1,0.0
98411,1,0.0
98413,1,0.0
98415,2,0.0
98439,3,0.0
98441,4,0.0
98443,3,0.0
98445,10,0.01
98447,9,0.01
98449,3,0.0
98456,1,0.0
98458,3,0.0
98460,2,0.0
98464,1,0.0
98467,1,0.0
98469,1,0.0
98471,2,0.0
98473,3,0.0
98475,1,0.0
98477,2,0.0
98481,3,0.0
98483,1,0.0
98485,10,0.01
98491,205,0.15
98493,2,0.0
98497,1,0.0
98499,3,0.0
98501,2,0.0
98503,3,0.0
98509,4,0.0
98511,8,0.01
98513,3,0.0
98520,4,0.0
98523,2,0.0
98526,2,0.0
98528,1,0.0
98532,15,0.01
98552,9,0.01
98554,7,0.01
98556,5,0.0
98558,2,0.0
98560,1,0.0
98563,3,0.0
98566,2,0.0
98570,18,0.01
98572,1,0.0
98581,1,0.0
98585,208,0.15
98587,15,0.01
98589,2,0.0
98591,1,0.0
98595,2,0.0
98601,1,0.0
98604,79,0.06
98607,38,0.03
98609,1,0.0
98611,3,0.0
98613,1,0.0
98615,1,0.0
98617,1,0.0
98619,1,0.0
98621,3,0.0
98623,5,0.0
98626,5,0.0
98629,15,0.01
98631,4,0.0
98633,2,0.0
98643,1,0.0
98693,1,0.0
98697,2,0.0
98699,1,0.0
98751,1,0.0
98755,3,0.0
98759,4,0.0
98761,1,0.0
98766,4,0.0
98768,2,0.0
98783,2,0.0
98786,2,0.0
98788,2,0.0
98795,25,0.02
98797,40,0.03
98799,8,0.01
98803,2,0.0
98805,2,0.0
98807,4,0.0
98809,2894,2.09
98815,1,0.0
98817,1,0.0
98819,1,0.0
98821,1,0.0
98825,2,0.0
98829,4,0.0
98834,4,0.0
98836,59,0.04
98838,17,0.01
98840,4,0.0
98842,3,0.0
98845,2,0.0
98847,3,0.0
98850,2,0.0
98852,8,0.01
98854,3,0.0
98856,2,0.0
98859,1,0.0
98861,1,0.0
98908,4,0.0
98911,1,0.0
98913,1,0.0
98922,6,0.0
98927,4,0.0
98929,1,0.0
98931,1,0.0
98933,6,0.0
98936,1,0.0
98938,1,0.0
98941,2,0.0
98943,1,0.0
98949,5,0.0
98956,40,0.03
98958,1,0.0
98961,1177,0.85
98963,11,0.01
98965,1,0.0
98973,29,0.02
98975,36,0.03
98981,16,0.01
98983,6,0.0
98985,11,0.01
98989,5,0.0
98991,1,0.0
98994,3,0.0
98996,5,0.0
98999,1,0.0
99005,37,0.03
99007,442,0.32
99012,2,0.0
99014,5,0.0
99024,8,0.01
99026,1,0.0
99028,4,0.0
99030,25,0.02
99041,4,0.0
99043,5,0.0
99045,10,0.01
99047,18,0.01
99050,4,0.0
99054,3,0.0
99056,6,0.0
99058,21,0.02
99061,6,0.0
99064,4,0.0
99068,3,0.0
99085,1,0.0
99087,41,0.03
99089,4,0.0
99101,2,0.0
99103,1,0.0
99106,81,0.06
99108,6,0.0
99110,27,0.02
99112,541,0.39
99114,4328,3.13
99117,241,0.17
99119,2,0.0
99122,2,0.0
99124,8,0.01
99126,3,0.0
99128,2,0.0
99130,4,0.0
99143,17,0.01
99145,299,0.22
99147,1,0.0
99149,658,0.48
99169,1,0.0
99171,1,0.0
99173,1,0.0
99178,21,0.02
99180,7,0.01
99182,5,0.0
99191,10,0.01
99210,2,0.0
99214,20,0.01
99217,28,0.02
99220,83,0.06
99222,6,0.0
99238,2,0.0
99240,1,0.0
99243,1,0.0
99246,7,0.01
99249,2,0.0
99251,2,0.0
99253,2,0.0
99258,5,0.0
99260,3,0.0
99270,3,0.0
99273,3,0.0
99276,3,0.0
99279,4,0.0
99287,2,0.0
99289,1,0.0
99294,3,0.0
99296,26,0.02
99305,40,0.03
99308,2,0.0
99314,1,0.0
99317,1,0.0
99320,7,0.01
99325,1,0.0
99327,2,0.0
99329,2,0.0
99331,2,0.0
99335,1,0.0
99337,2,0.0
99343,2,0.0
99345,2,0.0
99347,2,0.0
99349,22,0.02
99351,4,0.0
99355,5,0.0
99364,4,0.0
99367,7,0.01
99371,12,0.01
99373,4,0.0
99380,4,0.0
99384,2,0.0
99387,10,0.01
99389,2,0.0
99395,4,0.0
99397,14,0.01
99400,4,0.0
99402,6,0.0
99413,19,0.01
99415,39,0.03
99417,3,0.0
99420,1,0.0
99434,7,0.01
99437,138,0.1
99439,1,0.0
99441,6,0.0
99444,1,0.0
99446,1,0.0
99448,2,0.0
99450,1,0.0
99452,6,0.0
99468,58,0.04
99470,29,0.02
99474,1,0.0
99478,4,0.0
99487,15,0.01
99489,1,0.0
99491,2,0.0
99493,3,0.0
99495,5,0.0
99497,1,0.0
99499,1,0.0
99502,6,0.0
99517,1,0.0
99519,1,0.0
99521,1,0.0
99523,6,0.0
99525,10,0.01
99530,34,0.02
99532,19,0.01
99537,21,0.02
99539,2,0.0
99549,7,0.01
99560,8,0.01
99564,3,0.0
99566,1,0.0
99568,3,0.0
99570,1,0.0
99572,2,0.0
99574,83,0.06
99591,3,0.0
99594,3,0.0
99596,4,0.0
99598,4,0.0
99600,2,0.0
99602,9,0.01
99604,1,0.0
99607,1,0.0
99609,4,0.0
99611,2,0.0
99613,3,0.0
99615,5,0.0
99631,2,0.0
99633,29,0.02
99636,12,0.01
99638,8,0.01
99640,9,0.01
99642,14,0.01
99644,4,0.0
99659,1,0.0
99663,1,0.0
99665,2,0.0
99667,1,0.0
99669,12,0.01
99671,1,0.0
99673,2,0.0
99675,8,0.01
99677,5,0.0
99679,4,0.0
99687,6,0.0
99689,1,0.0
99691,6,0.0
99693,1,0.0
99695,14,0.01
99699,3,0.0
99706,4,0.0
99708,6,0.0
99719,1,0.0
99721,34,0.02
99724,2,0.0
99726,3,0.0
99728,309,0.22
99731,6,0.0
99733,2,0.0
99735,3,0.0
99737,3,0.0
99739,5,0.0
99741,56,0.04
99744,9,0.01
99746,13,0.01
99748,1,0.0
99750,96,0.07
99754,5,0.0
99756,2,0.0
99758,1,0.0
99760,3,0.0
99764,33,0.02
99766,15,0.01
99768,3,0.0
99787,26,0.02
99790,1,0.0
99792,2,0.0
99795,34,0.02
99798,1,0.0
99800,3,0.0
99807,2,0.0
99809,5,0.0
99811,17,0.01
99813,373,0.27
99815,2,0.0
99817,16,0.01
99820,4,0.0
99822,4,0.0
99826,7,0.01
99828,2,0.0
99832,6,0.0
99839,13,0.01
99841,12,0.01
99843,10,0.01
99846,18,0.01
99850,2,0.0
99853,2,0.0
99855,4,0.0
99857,20,0.01
99859,17,0.01
99861,19,0.01
99866,1,0.0
99871,22,0.02
99873,15,0.01
99875,17,0.01
99889,12,0.01
99891,1,0.0
99893,1,0.0
99895,2,0.0
99901,4,0.0
99904,4,0.0
99906,15,0.01
99908,2,0.0
99910,216,0.16
99912,169,0.12
99915,3,0.0
99917,216,0.16
99919,1,0.0
99922,2,0.0
99925,3,0.0
99937,8,0.01
99939,1,0.0
99941,2,0.0
99946,3,0.0
99957,102,0.07
99960,5,0.0
99962,2,0.0
99964,6,0.0
99968,24,0.02
99970,1,0.0
99986,25,0.02
99989,5,0.0
99992,35,0.03
99994,13,0.01
99996,42,0.03
99999,4,0.0
100003,3,0.0
100006,1,0.0
100008,6,0.0
100010,22,0.02
100013,5,0.0
100015,1,0.0
100017,10,0.01
100032,12,0.01
100034,17,0.01
100036,10,0.01
100038,6,0.0
100040,3,0.0
100042,3,0.0
100044,5,0.0
100046,4,0.0
100048,5,0.0
100050,1,0.0
100052,6,0.0
100054,1,0.0
100056,3,0.0
100058,13,0.01
100060,2,0.0
100062,4,0.0
100068,15,0.01
100070,7,0.01
100072,3,0.0
100075,3,0.0
100077,1,0.0
100079,1,0.0
100081,2,0.0
100083,130,0.09
100085,6,0.0
100087,6,0.0
100089,21,0.02
100091,2,0.0
100093,14,0.01
100096,2,0.0
100099,2,0.0
100101,2,0.0
100103,1,0.0
100106,52,0.04
100108,147,0.11
100131,2,0.0
100138,14,0.01
100141,2,0.0
100143,5,0.0
100145,1,0.0
100147,1,0.0
100150,4,0.0
100155,1,0.0
100157,9,0.01
100159,77,0.06
100161,2,0.0
100163,260,0.19
100165,20,0.01
100167,3,0.0
100169,25,0.02
100171,1,0.0
100173,3,0.0
100180,4,0.0
100183,1,0.0
100185,14,0.01
100188,4,0.0
100190,2,0.0
100192,2,0.0
100194,7,0.01
100196,7,0.01
100198,2,0.0
100200,5,0.0
100203,1,0.0
100205,5,0.0
100208,7,0.01
100210,6,0.0
100222,1,0.0
100226,14,0.01
100229,2,0.0
100232,1,0.0
100238,17,0.01
100240,3,0.0
100244,122,0.09
100246,2,0.0
100248,9,0.01
100251,1,0.0
100253,3,0.0
100255,2,0.0
100257,1,0.0
100259,1,0.0
100262,1,0.0
100264,3,0.0
100266,1,0.0
100268,1,0.0
100270,2,0.0
100272,26,0.02
100275,3,0.0
100277,17,0.01
100287,6,0.0
100289,10,0.01
100291,1,0.0
100294,1,0.0
100296,1,0.0
100298,1,0.0
100300,2,0.0
100302,142,0.1
100304,13,0.01
100306,8,0.01
100308,4,0.0
100310,1,0.0
100312,1,0.0
100315,1,0.0
100322,20,0.01
100324,1,0.0
100326,91,0.07
100328,5,0.0
100330,1,0.0
100332,1,0.0
100334,1,0.0
100336,5,0.0
100338,2,0.0
100342,11,0.01
100344,87,0.06
100347,2,0.0
100356,37,0.03
100359,23,0.02
100361,3,0.0
100363,29,0.02
100365,5,0.0
100368,3,0.0
100370,1,0.0
100372,2,0.0
100383,564,0.41
100385,4,0.0
100390,213,0.15
100393,2,0.0
100395,2,0.0
100397,41,0.03
100401,16,0.01
100404,1,0.0
100406,6,0.0
100408,18,0.01
100411,1,0.0
100415,1,0.0
100419,3,0.0
100421,1,0.0
100423,3,0.0
100426,13,0.01
100436,58,0.04
100438,11,0.01
100440,52,0.04
100442,6,0.0
100444,17,0.01
100446,1,0.0
100448,1,0.0
100450,46,0.03
100452,6,0.0
100457,4,0.0
100469,12,0.01
100485,18,0.01
100487,141,0.1
100490,1,0.0
100492,6,0.0
100494,1,0.0
100496,2,0.0
100498,322,0.23
100503,1,0.0
100505,7,0.01
100507,81,0.06
100509,11,0.01
100511,9,0.01
100513,6,0.0
100515,20,0.01
100517,4,0.0
100519,2,0.0
100521,1,0.0
100527,98,0.07
100529,5,0.0
100534,1,0.0
100536,3,0.0
100538,17,0.01
100540,9,0.01
100553,31,0.02
100556,216,0.16
100559,1,0.0
100562,8,0.01
100564,2,0.0
100567,1,0.0
100570,1,0.0
100574,5,0.0
100579,30,0.02
100581,49,0.04
100583,1,0.0
100585,1,0.0
100588,4,0.0
100591,2,0.0
100593,4,0.0
100595,2,0.0
100611,44,0.03
100613,2,0.0
100617,34,0.02
100620,1,0.0
100629,9,0.01
100633,2,0.0
100645,3,0.0
100647,2,0.0
100651,3,0.0
100653,1,0.0
100655,1,0.0
100714,549,0.4
100717,22,0.02
100719,2,0.0
100721,1,0.0
100723,4,0.0
100725,2,0.0
100727,2,0.0
100729,22,0.02
100731,3,0.0
100734,6,0.0
100737,83,0.06
100739,5,0.0
100741,1,0.0
100743,1,0.0
100745,115,0.08
100756,3,0.0
100799,3,0.0
100810,82,0.06
100830,1,0.0
100836,3,0.0
100838,1,0.0
100840,3,0.0
100843,50,0.04
100882,23,0.02
100884,2,0.0
100902,6,0.0
100904,3,0.0
100906,8,0.01
100942,2,0.0
100944,3,0.0
100946,4,0.0
100948,3,0.0
100951,1,0.0
101003,4,0.0
101006,1,0.0
101016,2,0.0
101018,2,0.0
101020,2,0.0
101025,217,0.16
101058,1,0.0
101060,20,0.01
101062,2,0.0
101064,4,0.0
101068,1,0.0
101070,40,0.03
101072,4,0.0
101074,43,0.03
101076,202,0.15
101079,10,0.01
101086,1,0.0
101088,218,0.16
101097,16,0.01
101102,2,0.0
101104,3,0.0
101106,72,0.05
101112,424,0.31
101114,3,0.0
101123,1,0.0
101127,6,0.0
101133,1,0.0
101137,79,0.06
101142,264,0.19
101146,1,0.0
101148,5,0.0
101150,4,0.0
101156,1,0.0
101158,3,0.0
101160,3,0.0
101162,2,0.0
101164,1,0.0
101166,3,0.0
101168,4,0.0
101170,13,0.01
101172,3,0.0
101176,1,0.0
101178,1,0.0
101180,10,0.01
101182,6,0.0
101186,35,0.03
101188,1,0.0
101197,4,0.0
101200,1,0.0
101204,3,0.0
101207,47,0.03
101210,16,0.01
101212,1,0.0
101214,2,0.0
101218,11,0.01
101220,5,0.0
101222,4,0.0
101226,1,0.0
101233,3,0.0
101235,11,0.01
101239,3,0.0
101241,3,0.0
101243,6,0.0
101245,2,0.0
101247,7,0.01
101249,4,0.0
101258,5,0.0
101260,9,0.01
101262,13,0.01
101264,1,0.0
101273,10,0.01
101281,53,0.04
101283,144,0.1
101285,251,0.18
101287,1,0.0
101292,1,0.0
101294,3,0.0
101296,43,0.03
101299,1,0.0
101301,3,0.0
101303,3,0.0
101305,2,0.0
101307,1,0.0
101319,3,0.0
101322,5,0.0
101329,1,0.0
101335,3,0.0
101337,2,0.0
101339,3,0.0
101341,2,0.0
101350,12,0.01
101352,5,0.0
101355,2,0.0
101360,129,0.09
101362,301,0.22
101373,1,0.0
101375,1,0.0
101379,10,0.01
101381,4,0.0
101383,3,0.0
101388,1,0.0
101398,1,0.0
101400,1,0.0
101402,4,0.0
101405,2,0.0
101409,1,0.0
101413,12,0.01
101415,60,0.04
101423,4,0.0
101425,13,0.01
101428,6,0.0
101431,3,0.0
101433,1,0.0
101439,1,0.0
101444,1,0.0
101446,1,0.0
101448,2,0.0
101450,2,0.0
101456,3,0.0
101458,3,0.0
101466,1,0.0
101468,1,0.0
101470,1,0.0
101476,6,0.0
101479,7,0.01
101481,1,0.0
101483,1,0.0
101485,3,0.0
101487,1,0.0
101498,59,0.04
101508,3,0.0
101510,1,0.0
101514,1,0.0
101525,464,0.34
101527,23,0.02
101529,44,0.03
101531,23,0.02
101534,2,0.0
101536,2,0.0
101538,2,0.0
101577,126,0.09
101579,3,0.0
101581,1,0.0
101583,3,0.0
101585,2,0.0
101590,6,0.0
101592,1,0.0
101595,1,0.0
101597,7,0.01
101599,9,0.01
101606,1,0.0
101612,111,0.08
101614,4,0.0
101616,1,0.0
101627,2,0.0
101629,13,0.01
101632,1,0.0
101634,1,0.0
101636,1,0.0
101640,9,0.01
101642,1,0.0
101646,3,0.0
101648,7,0.01
101650,1,0.0
101653,1,0.0
101662,3,0.0
101664,2,0.0
101666,1,0.0
101670,8,0.01
101672,8,0.01
101674,3,0.0
101678,2,0.0
101680,1,0.0
101685,2,0.0
101687,24,0.02
101689,2,0.0
101692,2,0.0
101695,1,0.0
101703,3,0.0
101706,2,0.0
101708,3,0.0
101710,7,0.01
101713,5,0.0
101715,3,0.0
101717,2,0.0
101719,8,0.01
101726,1,0.0
101728,2,0.0
101730,1,0.0
101734,4,0.0
101739,164,0.12
101741,215,0.16
101747,4,0.0
101749,3,0.0
101754,1,0.0
101756,5,0.0
101761,40,0.03
101763,17,0.01
101765,17,0.01
101767,3,0.0
101770,7,0.01
101782,1,0.0
101799,1,0.0
101801,7,0.01
101803,3,0.0
101812,3,0.0
101820,1,0.0
101823,3,0.0
101825,2,0.0
101827,5,0.0
101829,1,0.0
101833,2,0.0
101835,1,0.0
101844,3,0.0
101846,1,0.0
101848,3,0.0
101850,21,0.02
101855,3,0.0
101857,5,0.0
101862,3,0.0
101864,1084,0.78
101870,7,0.01
101872,4,0.0
101878,1,0.0
101880,9,0.01
101884,6,0.0
101887,2,0.0
101891,14,0.01
101893,47,0.03
101895,244,0.18
101897,4,0.0
101902,2,0.0
101904,19,0.01
101908,1,0.0
101916,1,0.0
101918,5,0.0
101920,1,0.0
101922,2,0.0
101924,2,0.0
101926,10,0.01
101935,1,0.0
101938,3,0.0
101940,6,0.0
101942,30,0.02
101944,1,0.0
101947,3,0.0
101952,3,0.0
101954,3,0.0
101957,1,0.0
101962,105,0.08
101964,10,0.01
101967,2,0.0
101969,8,0.01
101971,14,0.01
101973,132,0.1
101975,6,0.0
101979,2,0.0
101984,5,0.0
101986,1,0.0
101989,2,0.0
101991,2,0.0
101997,60,0.04
101999,3,0.0
102005,18,0.01
102007,18,0.01
102009,14,0.01
102012,1,0.0
102025,2,0.0
102028,4,0.0
102033,222,0.16
102035,1,0.0
102037,4,0.0
102039,1,0.0
102047,6,0.0
102049,2,0.0
102051,19,0.01
102058,30,0.02
102060,30,0.02
102062,25,0.02
102064,2,0.0
102066,26,0.02
102070,42,0.03
102072,44,0.03
102078,1,0.0
102084,54,0.04
102086,2,0.0
102088,76,0.05
102090,1,0.0
102093,1,0.0
102101,2,0.0
102103,1,0.0
102107,2,0.0
102109,2,0.0
102111,6,0.0
102113,4,0.0
102115,5,0.0
102119,1,0.0
102121,1,0.0
102123,639,0.46
102125,1862,1.34
102127,8,0.01
102131,2,0.0
102138,2,0.0
102152,5,0.0
102154,32,0.02
102158,1,0.0
102160,41,0.03
102165,22,0.02
102167,6,0.0
102171,2,0.0
102174,2,0.0
102176,2,0.0
102178,2,0.0
102180,3,0.0
102188,2,0.0
102190,5,0.0
102194,560,0.4
102199,3,0.0
102201,2,0.0
102208,1,0.0
102213,2,0.0
102217,50,0.04
102219,1,0.0
102221,1,0.0
102224,1,0.0
102231,19,0.01
102233,1,0.0
102235,4,0.0
102242,7,0.01
102245,10,0.01
102248,2,0.0
102250,2,0.0
102252,4,0.0
102263,2,0.0
102265,2,0.0
102267,5,0.0
102269,1,0.0
102273,2,0.0
102275,3,0.0
102278,11,0.01
102280,5,0.0
102282,3,0.0
102284,1,0.0
102286,15,0.01
102290,4,0.0
102294,13,0.01
102297,1,0.0
102299,5,0.0
102303,3,0.0
102305,1,0.0
102323,1,0.0
102325,2,0.0
102332,1,0.0
102338,4,0.0
102340,1,0.0
102342,1,0.0
102352,1,0.0
102354,15,0.01
102356,11,0.01
102360,1,0.0
102364,2,0.0
102367,3,0.0
102369,7,0.01
102371,2,0.0
102373,2,0.0
102376,2,0.0
102378,13,0.01
102388,1,0.0
102390,8,0.01
102396,10,0.01
102399,1,0.0
102403,2,0.0
102407,614,0.44
102411,1,0.0
102413,3,0.0
102415,1,0.0
102419,1,0.0
102421,1,0.0
102425,2,0.0
102429,1,0.0
102432,5,0.0
102434,2,0.0
102436,2,0.0
102443,1,0.0
102445,1971,1.42
102447,1,0.0
102450,1,0.0
102459,1,0.0
102463,1,0.0
102469,19,0.01
102477,2,0.0
102479,5,0.0
102481,286,0.21
102483,2,0.0
102485,4,0.0
102487,1,0.0
102495,3,0.0
102497,2,0.0
102499,2,0.0
102509,1,0.0
102514,3,0.0
102517,7,0.01
102521,5,0.0
102523,1,0.0
102526,1,0.0
102529,1,0.0
102533,8,0.01
102535,8,0.01
102541,2,0.0
102544,2,0.0
102553,1,0.0
102557,4,0.0
102588,85,0.06
102590,8,0.01
102596,3,0.0
102598,1,0.0
102602,9,0.01
102604,11,0.01
102660,7,0.01
102662,12,0.01
102664,2,0.0
102666,27,0.02
102672,2,0.0
102675,2,0.0
102677,4,0.0
102682,6,0.0
102684,167,0.12
102686,343,0.25
102688,3,0.0
102716,284,0.21
102720,149,0.11
102735,7,0.01
102739,1,0.0
102742,1,0.0
102747,6,0.0
102749,3,0.0
102751,1,0.0
102753,116,0.08
102758,3,0.0
102760,6,0.0
102762,3,0.0
102765,1,0.0
102777,2,0.0
102779,2,0.0
102781,3,0.0
102783,3,0.0
102792,68,0.05
102794,1,0.0
102796,1,0.0
102798,8,0.01
102800,256,0.18
102802,30,0.02
102804,4,0.0
102807,4,0.0
102817,4,0.0
102819,127,0.09
102826,5,0.0
102828,3,0.0
102830,2,0.0
102841,1,0.0
102843,2,0.0
102848,5,0.0
102850,2,0.0
102852,3,0.0
102854,14,0.01
102856,6,0.0
102858,7,0.01
102860,2,0.0
102862,2,0.0
102868,4,0.0
102870,2,0.0
102874,1,0.0
102876,6,0.0
102880,275,0.2
102882,1,0.0
102895,1,0.0
102897,2,0.0
102899,2,0.0
102901,2,0.0
102903,844,0.61
102905,50,0.04
102908,3,0.0
102910,2,0.0
102912,3,0.0
102917,1,0.0
102920,8,0.01
102922,17,0.01
102924,6,0.0
102941,14,0.01
102943,1,0.0
102949,3,0.0
102951,6,0.0
102953,4,0.0
102956,9,0.01
102961,1,0.0
102963,1,0.0
102965,2,0.0
102967,2,0.0
102969,1,0.0
102972,1,0.0
102974,6,0.0
102976,2,0.0
102978,7,0.01
102980,1,0.0
102984,5,0.0
102986,2,0.0
102989,6,0.0
102991,31,0.02
102993,410,0.3
102995,2,0.0
102997,1,0.0
103003,1,0.0
103006,3,0.0
103008,2,0.0
103010,1,0.0
103017,20,0.01
103022,8,0.01
103027,98,0.07
103030,12,0.01
103032,3,0.0
103036,1,0.0
103040,4,0.0
103042,1120,0.81
103044,2,0.0
103048,163,0.12
103050,4,0.0
103052,2,0.0
103055,53,0.04
103057,11,0.01
103059,23,0.02
103064,2,0.0
103066,3,0.0
103068,1,0.0
103071,1,0.0
103075,218,0.16
103078,3,0.0
103081,7,0.01
103083,35,0.03
103085,20,0.01
103087,1,0.0
103089,1,0.0
103091,1,0.0
103101,2,0.0
103103,1,0.0
103105,5,0.0
103107,85,0.06
103112,1,0.0
103114,2,0.0
103116,3,0.0
103118,1,0.0
103120,4,0.0
103130,2,0.0
103132,1,0.0
103135,1,0.0
103137,174,0.13
103139,1,0.0
103141,740,0.53
103143,1,0.0
103150,6,0.0
103164,3,0.0
103166,4,0.0
103171,7,0.01
103175,1,0.0
103182,2,0.0
103186,1,0.0
103190,5,0.0
103203,14,0.01
103206,1,0.0
103208,9,0.01
103210,18,0.01
103212,2,0.0
103219,43,0.03
103221,12,0.01
103224,1,0.0
103226,3,0.0
103228,1026,0.74
103233,20,0.01
103235,135,0.1
103237,5,0.0
103249,954,0.69
103253,944,0.68
103255,34,0.02
103257,3,0.0
103259,5,0.0
103266,4,0.0
103269,6,0.0
103271,4,0.0
103273,4,0.0
103275,27,0.02
103277,18,0.01
103279,73,0.05
103282,2,0.0
103286,2,0.0
103288,6,0.0
103290,1,0.0
103292,2,0.0
103294,1,0.0
103299,39,0.03
103301,5,0.0
103303,2,0.0
103306,200,0.14
103308,5,0.0
103315,62,0.04
103317,2,0.0
103319,21,0.02
103322,1,0.0
103324,3,0.0
103328,2,0.0
103330,3,0.0
103333,1,0.0
103335,783,0.57
103339,283,0.2
103341,662,0.48
103343,4,0.0
103359,1,0.0
103361,2,0.0
103363,5,0.0
103366,63,0.05
103368,3,0.0
103370,1,0.0
103372,317,0.23
103374,1,0.0
103380,1,0.0
103382,3,0.0
103384,326,0.24
103386,10,0.01
103388,4,0.0
103406,1,0.0
103411,2,0.0
103413,1,0.0
103418,2,0.0
103420,1,0.0
103422,4,0.0
103424,1,0.0
103433,1,0.0
103435,1,0.0
103437,5,0.0
103439,11,0.01
103444,43,0.03
103446,2,0.0
103449,19,0.01
103452,7,0.01
103454,9,0.01
103460,2,0.0
103462,3,0.0
103465,7,0.01
103474,23,0.02
103476,3,0.0
103478,3,0.0
103481,3,0.0
103483,49,0.04
103487,3,0.0
103489,2,0.0
103493,12,0.01
103498,1,0.0
103500,1,0.0
103502,3,0.0
103506,6,0.0
103515,2,0.0
103517,1,0.0
103519,1,0.0
103521,8,0.01
103523,3,0.0
103525,6,0.0
103528,5,0.0
103534,5,0.0
103536,2,0.0
103539,213,0.15
103541,45,0.03
103543,27,0.02
103545,2,0.0
103547,5,0.0
103549,18,0.01
103551,1,0.0
103554,52,0.04
103557,1,0.0
103559,1,0.0
103561,10,0.01
103563,1,0.0
103567,1,0.0
103570,1,0.0
103572,10,0.01
103574,8,0.01
103576,2,0.0
103590,1,0.0
103593,2,0.0
103596,85,0.06
103598,2,0.0
103600,1,0.0
103602,8,0.01
103604,2,0.0
103606,97,0.07
103609,5,0.0
103611,2,0.0
103614,1,0.0
103617,1,0.0
103619,4,0.0
103621,33,0.02
103624,139,0.1
103626,2,0.0
103629,1,0.0
103631,1,0.0
103633,1,0.0
103635,2,0.0
103637,1,0.0
103639,25,0.02
103645,1,0.0
103647,2,0.0
103651,10,0.01
103653,2,0.0
103655,155,0.11
103657,5,0.0
103659,107,0.08
103661,7,0.01
103663,1,0.0
103665,14,0.01
103667,12,0.01
103669,30,0.02
103671,2,0.0
103673,1,0.0
103676,2,0.0
103681,3,0.0
103683,2,0.0
103685,28,0.02
103688,451,0.33
103690,1,0.0
103695,1,0.0
103721,21,0.02
103723,20,0.01
103727,61,0.04
103731,2,0.0
103736,20,0.01
103739,1,0.0
103741,2,0.0
103743,2,0.0
103745,5,0.0
103747,3,0.0
103749,5,0.0
103751,9,0.01
103753,1,0.0
103755,90,0.06
103759,2,0.0
103769,1,0.0
103772,645,0.47
103774,1,0.0
103776,5,0.0
103779,1,0.0
103784,7,0.01
103787,3,0.0
103790,1,0.0
103792,9,0.01
103794,2,0.0
103798,11,0.01
103801,134,0.1
103806,3,0.0
103808,11,0.01
103810,294,0.21
103813,11,0.01
103816,17,0.01
103819,17,0.01
103821,4,0.0
103823,3,0.0
103825,9,0.01
103827,2,0.0
103829,1,0.0
103831,1,0.0
103834,6,0.0
103836,2,0.0
103838,3,0.0
103840,1,0.0
103842,1,0.0
103846,1,0.0
103849,22,0.02
103851,1,0.0
103861,1,0.0
103863,3,0.0
103865,3,0.0
103867,35,0.03
103869,2,0.0
103871,2,0.0
103873,2,0.0
103875,1,0.0
103877,2,0.0
103881,1,0.0
103883,228,0.16
103908,5,0.0
103910,1,0.0
103912,1,0.0
103920,1,0.0
103923,1,0.0
103935,1,0.0
103966,1,0.0
103972,9,0.01
103974,5,0.0
103976,1,0.0
103978,2,0.0
103980,552,0.4
103982,18,0.01
103984,177,0.13
103986,1,0.0
103990,2,0.0
103994,1,0.0
103996,20,0.01
103998,2,0.0
104000,1,0.0
104002,1,0.0
104011,1,0.0
104013,2,0.0
104015,2,0.0
104017,2,0.0
104019,1,0.0
104028,1,0.0
104031,1,0.0
104033,3,0.0
104035,3,0.0
104039,1,0.0
104041,3,0.0
104043,1,0.0
104050,5,0.0
104054,2,0.0
104059,2,0.0
104061,1,0.0
104064,5,0.0
104066,3,0.0
104069,284,0.21
104072,10,0.01
104074,123,0.09
104076,43,0.03
104078,124,0.09
104085,5,0.0
104089,28,0.02
104091,3,0.0
104093,16,0.01
104097,12,0.01
104099,6,0.0
104101,2,0.0
104103,1,0.0
104116,2,0.0
104119,3,0.0
104123,10,0.01
104126,1,0.0
104129,39,0.03
104132,2,0.0
104135,5,0.0
104137,40,0.03
104139,3,0.0
104141,16,0.01
104144,21,0.02
104153,3,0.0
104155,35,0.03
104175,3,0.0
104177,8,0.01
104179,1,0.0
104181,3,0.0
104211,471,0.34
104213,1,0.0
104215,1,0.0
104218,89,0.06
104224,3,0.0
104226,3,0.0
104231,27,0.02
104233,3,0.0
104236,1,0.0
104239,1,0.0
104241,417,0.3
104243,307,0.22
104245,83,0.06
104247,6,0.0
104249,3,0.0
104266,2,0.0
104270,1,0.0
104272,225,0.16
104274,47,0.03
104280,5,0.0
104283,161,0.12
104285,2,0.0
104294,2,0.0
104298,7,0.01
104301,2,0.0
104303,144,0.1
104307,1,0.0
104309,1,0.0
104312,95,0.07
104314,4,0.0
104317,1,0.0
104319,7,0.01
104321,13,0.01
104323,20,0.01
104331,1,0.0
104335,2,0.0
104337,218,0.16
104339,145,0.1
104345,1,0.0
104350,13,0.01
104354,1,0.0
104356,14,0.01
104361,38,0.03
104363,1,0.0
104368,4,0.0
104370,1,0.0
104372,1,0.0
104374,728,0.53
104376,1,0.0
104379,9,0.01
104384,9,0.01
104386,7,0.01
104388,3,0.0
104390,3,0.0
104392,4,0.0
104406,20,0.01
104408,3,0.0
104412,1,0.0
104414,2,0.0
104419,48,0.03
104421,7,0.01
104423,8,0.01
104431,8,0.01
104436,1,0.0
104438,1,0.0
104441,80,0.06
104449,1,0.0
104451,1,0.0
104453,1,0.0
104457,97,0.07
104459,2,0.0
104462,1,0.0
104464,1,0.0
104472,1,0.0
104480,1,0.0
104489,2,0.0
104491,1,0.0
104495,1,0.0
104498,2,0.0
104506,4,0.0
104508,2,0.0
104513,5,0.0
104518,8,0.01
104520,20,0.01
104524,2,0.0
104526,2,0.0
104540,3,0.0
104542,2,0.0
104544,2,0.0
104546,4,0.0
104552,7,0.01
104556,3,0.0
104561,5,0.0
104563,4,0.0
104576,8,0.01
104581,1,0.0
104583,14,0.01
104588,1,0.0
104590,3,0.0
104595,3,0.0
104597,4,0.0
104599,4,0.0
104601,5,0.0
104604,4,0.0
104606,2,0.0
104608,4,0.0
104610,3,0.0
104612,2,0.0
104625,2,0.0
104627,2,0.0
104629,1,0.0
104631,35,0.03
104633,1,0.0
104636,15,0.01
104638,5,0.0
104640,1,0.0
104642,2,0.0
104644,2,0.0
104662,2,0.0
104664,1,0.0
104667,2,0.0
104669,7,0.01
104671,5,0.0
104673,1,0.0
104675,1,0.0
104677,3,0.0
104680,3,0.0
104685,9,0.01
104689,3,0.0
104691,3,0.0
104693,1,0.0
104698,1,0.0
104701,1,0.0
104712,31,0.02
104719,1,0.0
104721,1,0.0
104723,3,0.0
104726,5,0.0
104728,9,0.01
104731,2,0.0
104733,4,0.0
104736,36,0.03
104741,2,0.0
104743,1,0.0
104746,2,0.0
104757,10,0.01
104760,20,0.01
104762,9,0.01
104764,1,0.0
104767,1,0.0
104769,1,0.0
104772,1,0.0
104774,1,0.0
104776,4,0.0
104778,2,0.0
104780,6,0.0
104784,2,0.0
104795,1,0.0
104798,2,0.0
104800,1,0.0
104803,8,0.01
104805,1,0.0
104807,9,0.01
104809,3,0.0
104813,2,0.0
104815,1,0.0
104817,1,0.0
104823,1,0.0
104827,2,0.0
104829,6,0.0
104832,2,0.0
104835,1,0.0
104837,1,0.0
104839,1,0.0
104841,2475,1.79
104843,7,0.01
104847,2,0.0
104849,2,0.0
104854,3,0.0
104861,9,0.01
104863,70,0.05
104865,4,0.0
104867,3,0.0
104870,3,0.0
104872,3,0.0
104875,18,0.01
104879,895,0.65
104881,113,0.08
104883,18,0.01
104903,8,0.01
104906,49,0.04
104908,125,0.09
104913,810,0.58
104920,4,0.0
104923,8,0.01
104925,124,0.09
104932,1,0.0
104936,2,0.0
104938,1,0.0
104944,237,0.17
104947,8,0.01
104952,1,0.0
104954,1,0.0
104956,1,0.0
104959,4,0.0
104961,2,0.0
104969,4,0.0
104971,3,0.0
104973,2,0.0
104975,9,0.01
104984,6,0.0
104990,4,0.0
104993,1,0.0
104996,2,0.0
104998,11,0.01
105001,6,0.0
105011,3,0.0
105013,3,0.0
105015,1,0.0
105017,1,0.0
105020,2,0.0
105028,12,0.01
105030,2,0.0
105032,2,0.0
105034,6,0.0
105037,79,0.06
105040,5,0.0
105042,2,0.0
105044,2,0.0
105049,2,0.0
105051,1,0.0
105053,17,0.01
105055,2,0.0
105057,2,0.0
105068,1,0.0
105071,1,0.0
105073,2,0.0
105075,11,0.01
105077,2,0.0
105079,1,0.0
105081,1,0.0
105084,2,0.0
105086,5,0.0
105089,6,0.0
105091,8,0.01
105096,4,0.0
105098,3,0.0
105101,4,0.0
105104,1,0.0
105115,1,0.0
105117,2,0.0
105119,1,0.0
105121,7,0.01
105126,18,0.01
105128,5,0.0
105130,10,0.01
105133,9,0.01
105135,2,0.0
105142,1,0.0
105147,4,0.0
105150,1,0.0
105155,1,0.0
105157,6,0.0
105159,16,0.01
105161,1,0.0
105163,1,0.0
105165,3,0.0
105176,4,0.0
105178,4,0.0
105181,3,0.0
105184,1,0.0
105187,1,0.0
105189,3,0.0
105191,1,0.0
105193,6,0.0
105195,9,0.01
105197,370,0.27
105204,4,0.0
105206,5,0.0
105211,201,0.15
105213,406,0.29
105215,3,0.0
105217,9,0.01
105223,4,0.0
105227,5,0.0
105234,2,0.0
105236,1,0.0
105238,1,0.0
105240,1,0.0
105242,3,0.0
105244,3,0.0
105246,33,0.02
105248,21,0.02
105250,43,0.03
105252,1,0.0
105254,28,0.02
105257,2,0.0
105266,5,0.0
105269,5,0.0
105271,1,0.0
105275,2,0.0
105282,1,0.0
105288,4,0.0
105290,1,0.0
105292,3,0.0
105296,1,0.0
105299,2,0.0
105302,4,0.0
105304,1,0.0
105306,1,0.0
105308,3,0.0
105310,2,0.0
105314,1,0.0
105320,1,0.0
105323,3,0.0
105325,13,0.01
105328,1,0.0
105330,2,0.0
105335,1,0.0
105338,1,0.0
105340,6,0.0
105343,4,0.0
105345,7,0.01
105347,1,0.0
105351,71,0.05
105353,1,0.0
105355,356,0.26
105357,4,0.0
105359,4,0.0
105364,7,0.01
105366,3,0.0
105368,4,0.0
105375,9,0.01
105377,1,0.0
105379,1,0.0
105382,1,0.0
105386,23,0.02
105388,2,0.0
105390,1,0.0
105404,6,0.0
105406,1,0.0
105408,1,0.0
105410,2,0.0
105412,1,0.0
105414,2,0.0
105416,1,0.0
105420,31,0.02
105423,2,0.0
105429,33,0.02
105435,1,0.0
105439,1,0.0
105442,3,0.0
105444,1,0.0
105446,1,0.0
105448,1,0.0
105450,1,0.0
105453,2,0.0
105455,1,0.0
105463,1,0.0
105465,1,0.0
105468,117,0.08
105470,1,0.0
105474,1,0.0
105477,6,0.0
105481,1,0.0
105484,4,0.0
105490,2,0.0
105492,1,0.0
105495,3,0.0
105497,4,0.0
105499,1,0.0
105502,3,0.0
105504,1119,0.81
105506,2,0.0
105509,11,0.01
105519,22,0.02
105521,1,0.0
105526,1,0.0
105529,1,0.0
105531,25,0.02
105533,2,0.0
105538,3,0.0
105540,1,0.0
105554,5,0.0
105560,2,0.0
105563,2,0.0
105565,1,0.0
105571,1,0.0
105575,2,0.0
105577,2,0.0
105579,5,0.0
105581,1,0.0
105583,2,0.0
105585,99,0.07
105591,1,0.0
105593,134,0.1
105595,2,0.0
105597,7,0.01
105599,2,0.0
105601,2,0.0
105606,1,0.0
105608,5,0.0
105612,1,0.0
105616,1,0.0
105618,2,0.0
105620,14,0.01
105622,5,0.0
105628,2,0.0
105630,4,0.0
105653,255,0.18
105659,2,0.0
105663,1,0.0
105665,1,0.0
105700,2,0.0
105703,18,0.01
105709,2,0.0
105713,1,0.0
105715,5,0.0
105717,1,0.0
105720,2,0.0
105728,2,0.0
105731,137,0.1
105733,1,0.0
105742,47,0.03
105744,3,0.0
105746,11,0.01
105748,2,0.0
105753,5,0.0
105755,115,0.08
105759,7,0.01
105761,1,0.0
105763,3,0.0
105765,1,0.0
105767,1,0.0
105769,48,0.03
105772,2,0.0
105776,2,0.0
105778,3,0.0
105794,3,0.0
105799,16,0.01
105801,25,0.02
105803,1,0.0
105805,2,0.0
105811,6,0.0
105813,8,0.01
105815,3,0.0
105819,2,0.0
105821,2,0.0
105825,5,0.0
105827,2,0.0
105829,1,0.0
105831,1,0.0
105833,2,0.0
105835,90,0.06
105837,5,0.0
105841,1,0.0
105844,1055,0.76
105846,1,0.0
105849,3,0.0
105855,5,0.0
105863,10,0.01
105865,1,0.0
105869,56,0.04
105873,2,0.0
105884,1,0.0
105886,1,0.0
105888,2,0.0
105890,1,0.0
105892,3,0.0
105899,1,0.0
105901,3,0.0
105906,1,0.0
105911,18,0.01
105915,1,0.0
105918,1,0.0
105928,5,0.0
105936,1,0.0
105938,1,0.0
105943,14,0.01
105945,6,0.0
105948,3,0.0
105950,2,0.0
105952,7,0.01
105954,193,0.14
105959,1,0.0
105965,5,0.0
105968,6,0.0
105972,4,0.0
105974,2,0.0
105976,2,0.0
105978,1,0.0
105980,3,0.0
105982,1,0.0
105985,1,0.0
105987,9,0.01
105999,2,0.0
106002,662,0.48
106004,1,0.0
106006,1,0.0
106011,32,0.02
106017,1,0.0
106019,3,0.0
106022,60,0.04
106024,1,0.0
106026,2,0.0
106030,72,0.05
106032,1,0.0
106046,2,0.0
106048,3,0.0
106052,2,0.0
106054,3,0.0
106057,1,0.0
106059,3,0.0
106062,128,0.09
106064,3,0.0
106066,3,0.0
106068,1,0.0
106072,886,0.64
106074,2,0.0
106076,1,0.0
106078,1,0.0
106082,1,0.0
106090,1,0.0
106092,1,0.0
106094,4,0.0
106098,1,0.0
106100,1020,0.74
106102,19,0.01
106107,1,0.0
106109,5,0.0
106111,14,0.01
106113,1,0.0
106115,1,0.0
106136,1,0.0
106138,7,0.01
106141,1,0.0
106144,31,0.02
106147,1,0.0
106156,8,0.01
106158,1,0.0
106160,3,0.0
106163,25,0.02
106165,13,0.01
106168,2,0.0
106170,1,0.0
106173,4,0.0
106190,1,0.0
106193,1,0.0
106195,53,0.04
106197,25,0.02
106200,17,0.01
106202,1,0.0
106204,17,0.01
106208,1,0.0
106210,5,0.0
106212,6,0.0
106214,5,0.0
106220,16,0.01
106222,12,0.01
106224,1,0.0
106226,2,0.0
106228,1,0.0
106230,4,0.0
106232,1,0.0
106234,14,0.01
106236,13,0.01
106238,2,0.0
106240,35,0.03
106243,5,0.0
106250,1,0.0
106254,10,0.01
106256,2,0.0
106270,1,0.0
106272,1,0.0
106275,1,0.0
106277,1,0.0
106295,2,0.0
106297,2,0.0
106300,2,0.0
106302,4,0.0
106306,2,0.0
106310,2,0.0
106320,3,0.0
106326,5,0.0
106330,152,0.11
106332,27,0.02
106334,11,0.01
106336,1,0.0
106342,1,0.0
106344,9,0.01
106346,2,0.0
106348,1,0.0
106351,3,0.0
106353,3,0.0
106355,2,0.0
106363,1,0.0
106365,5,0.0
106369,3,0.0
106374,5,0.0
106376,2,0.0
106378,4,0.0
106387,1,0.0
106389,2,0.0
106391,2,0.0
106397,2,0.0
106399,1,0.0
106401,1,0.0
106403,1,0.0
106405,4,0.0
106407,8,0.01
106417,2,0.0
106421,6,0.0
106431,3,0.0
106434,1,0.0
106436,1,0.0
106438,418,0.3
106441,207,0.15
106443,6,0.0
106450,1,0.0
106452,89,0.06
106455,2,0.0
106458,1,0.0
106460,1,0.0
106462,3,0.0
106464,7,0.01
106466,2,0.0
106471,13,0.01
106473,8,0.01
106475,1,0.0
106485,3,0.0
106487,1873,1.35
106489,1645,1.19
106491,226,0.16
106493,2,0.0
106495,1,0.0
106498,3,0.0
106501,2,0.0
106503,18,0.01
106506,2,0.0
106508,20,0.01
106510,7,0.01
106515,1,0.0
106517,1,0.0
106519,1,0.0
106525,1,0.0
106527,1,0.0
106529,2,0.0
106538,3,0.0
106540,99,0.07
106542,22,0.02
106549,4,0.0
106559,4,0.0
106561,6,0.0
106563,1,0.0
106565,1,0.0
106579,1,0.0
106581,1,0.0
106583,4,0.0
106590,10,0.01
106592,2,0.0
106594,5,0.0
106599,2,0.0
106607,1,0.0
106609,1,0.0
106611,1,0.0
106614,5,0.0
106616,1,0.0
106618,1,0.0
106620,2,0.0
106624,9,0.01
106634,2,0.0
106642,417,0.3
106644,2,0.0
106646,10,0.01
106648,1,0.0
106672,1,0.0
106674,2,0.0
106676,2,0.0
106680,3,0.0
106682,1,0.0
106684,2,0.0
106686,1,0.0
106688,4,0.0
106690,2,0.0
106696,1164,0.84
106698,4,0.0
106700,3,0.0
106702,1,0.0
106704,1,0.0
106722,3,0.0
106725,1,0.0
106727,5,0.0
106729,1,0.0
106734,2,0.0
106736,2,0.0
106739,5,0.0
106741,1,0.0
106745,2,0.0
106747,2,0.0
106749,23,0.02
106751,10,0.01
106753,1,0.0
106762,29,0.02
106766,459,0.33
106768,3,0.0
106782,2031,1.47
106785,93,0.07
106791,1,0.0
106794,2,0.0
106820,1,0.0
106822,1,0.0
106824,1,0.0
106832,2,0.0
106834,1,0.0
106839,45,0.03
106841,186,0.13
106848,3,0.0
106850,7,0.01
106852,7,0.01
106854,2,0.0
106861,8,0.01
106863,6,0.0
106866,1,0.0
106868,4,0.0
106870,14,0.01
106873,21,0.02
106877,2,0.0
106879,5,0.0
106881,6,0.0
106883,13,0.01
106887,2,0.0
106889,55,0.04
106892,9,0.01
106895,2,0.0
106897,3,0.0
106906,5,0.0
106910,5,0.0
106914,3,0.0
106916,1199,0.87
106918,703,0.51
106920,1800,1.3
106922,6,0.0
106924,6,0.0
106927,6,0.0
106967,1,0.0
106970,2,0.0
106972,2,0.0
106981,2,0.0
106983,37,0.03
106986,3,0.0
106988,1,0.0
106990,1,0.0
106992,1,0.0
106994,1,0.0
106996,1,0.0
106998,2,0.0
107000,11,0.01
107002,9,0.01
107004,6,0.0
107011,1,0.0
107013,2,0.0
107017,18,0.01
107020,2,0.0
107022,4,0.0
107024,22,0.02
107028,3,0.0
107032,1,0.0
107039,1,0.0
107042,22,0.02
107050,1,0.0
107052,17,0.01
107055,1,0.0
107057,21,0.02
107059,2,0.0
107061,3,0.0
107065,1,0.0
107067,3,0.0
107069,320,0.23
107075,2,0.0
107077,2,0.0
107079,2,0.0
107081,7,0.01
107083,8,0.01
107085,1,0.0
107096,1,0.0
107098,2,0.0
107100,1,0.0
107102,2,0.0
107106,1,0.0
107115,3,0.0
107117,21,0.02
107128,1,0.0
107130,15,0.01
107132,1,0.0
107137,18,0.01
107141,479,0.35
107143,2,0.0
107145,3,0.0
107147,1,0.0
107153,1,0.0
107155,1,0.0
107157,1,0.0
107159,4,0.0
107161,5,0.0
107172,1,0.0
107174,1,0.0
107176,3,0.0
107178,1,0.0
107183,1,0.0
107185,4,0.0
107188,5,0.0
107194,1,0.0
107196,25,0.02
107199,1,0.0
107202,1,0.0
107204,1,0.0
107207,2,0.0
107209,3,0.0
107213,2,0.0
107215,2,0.0
107217,2,0.0
107224,2,0.0
107230,2,0.0
107232,1,0.0
107234,1,0.0
107236,1,0.0
107238,1,0.0
107241,1,0.0
107243,1,0.0
107248,1,0.0
107252,1,0.0
107262,3,0.0
107264,7,0.01
107266,1,0.0
107268,1,0.0
107270,1,0.0
107274,4,0.0
107278,2,0.0
107281,2,0.0
107295,2,0.0
107297,3,0.0
107299,11,0.01
107302,5,0.0
107304,7,0.01
107306,3,0.0
107309,6,0.0
107312,11,0.01
107314,84,0.06
107316,1,0.0
107328,2,0.0
107334,6,0.0
107338,2,0.0
107342,3,0.0
107344,3,0.0
107346,2,0.0
107348,343,0.25
107350,5,0.0
107352,5,0.0
107354,5,0.0
107357,6,0.0
107359,6,0.0
107361,4,0.0
107368,12,0.01
107370,1,0.0
107372,1,0.0
107380,7,0.01
107382,3,0.0
107397,2,0.0
107400,7,0.01
107402,2,0.0
107404,1,0.0
107406,541,0.39
107408,3,0.0
107410,15,0.01
107412,5,0.0
107418,3,0.0
107422,1,0.0
107424,1,0.0
107426,4,0.0
107434,1,0.0
107436,23,0.02
107445,7,0.01
107447,11,0.01
107449,4,0.0
107456,1,0.0
107458,1,0.0
107460,2,0.0
107462,12,0.01
107466,1,0.0
107477,4,0.0
107484,2,0.0
107499,1,0.0
107501,2,0.0
107503,2,0.0
107516,2,0.0
107537,7,0.01
107539,6,0.0
107541,14,0.01
107543,2,0.0
107548,1,0.0
107551,1,0.0
107555,5,0.0
107557,6,0.0
107559,8,0.01
107561,1,0.0
107563,10,0.01
107565,14,0.01
107567,1,0.0
107569,2,0.0
107573,1,0.0
107575,1,0.0
107577,1,0.0
107579,2,0.0
107581,1,0.0
107584,4,0.0
107589,1,0.0
107591,2,0.0
107595,1,0.0
107601,2,0.0
107603,2,0.0
107610,2,0.0
107612,2,0.0
107614,3,0.0
107617,2,0.0
107619,2,0.0
107621,1,0.0
107623,1,0.0
107625,3,0.0
107627,29,0.02
107630,5,0.0
107632,1,0.0
107634,2,0.0
107636,1,0.0
107638,1,0.0
107643,2,0.0
107645,1,0.0
107647,2,0.0
107649,23,0.02
107651,1,0.0
107653,10,0.01
107658,4,0.0
107662,3,0.0
107664,2,0.0
107667,1,0.0
107669,1,0.0
107671,1,0.0
107673,3,0.0
107675,7,0.01
107677,9,0.01
107682,3,0.0
107684,5,0.0
107686,1,0.0
107690,1,0.0
107692,4,0.0
107696,2,0.0
107698,1,0.0
107700,9,0.01
107702,44,0.03
107704,11,0.01
107707,9,0.01
107710,6,0.0
107713,1,0.0
107716,3,0.0
107718,27,0.02
107723,6,0.0
107725,6,0.0
107730,2,0.0
107732,2,0.0
107735,2,0.0
107737,14,0.01
107740,4,0.0
107743,5,0.0
107745,4,0.0
107747,2,0.0
107752,1,0.0
107754,1,0.0
107756,20,0.01
107758,3,0.0
107762,2,0.0
107765,1,0.0
107767,2,0.0
107769,33,0.02
107771,225,0.16
107778,1,0.0
107780,7,0.01
107782,1,0.0
107827,2,0.0
107836,1,0.0
107840,1,0.0
107842,1,0.0
107846,4,0.0
107848,3,0.0
107851,1,0.0
107853,1,0.0
107855,1,0.0
107858,2,0.0
107860,1,0.0
107863,1,0.0
107865,2,0.0
107867,1,0.0
107869,1,0.0
107875,2,0.0
107877,3,0.0
107879,2,0.0
107881,3,0.0
107883,72,0.05
107885,5,0.0
107890,6,0.0
107894,1,0.0
107897,2,0.0
107899,1,0.0
107901,5,0.0
107903,1,0.0
107906,1,0.0
107910,18,0.01
107912,2,0.0
107914,5,0.0
107916,17,0.01
107919,2,0.0
107928,2,0.0
107947,1,0.0
107949,25,0.02
107951,2,0.0
107953,19,0.01
107955,1,0.0
107958,5,0.0
107960,3,0.0
107962,4,0.0
107964,1,0.0
107966,1,0.0
107970,1,0.0
107972,1,0.0
107974,1,0.0
107976,1,0.0
107978,54,0.04
107980,67,0.05
107982,4,0.0
107984,1,0.0
107987,13,0.01
107990,4,0.0
107997,29,0.02
107999,3,0.0
108001,1,0.0
108003,3,0.0
108005,1,0.0
108007,1,0.0
108010,3,0.0
108012,2,0.0
108014,2,0.0
108016,1,0.0
108041,14,0.01
108043,13,0.01
108048,1,0.0
108050,2,0.0
108052,1,0.0
108054,3,0.0
108056,2,0.0
108063,3,0.0
108065,2,0.0
108070,1,0.0
108072,1,0.0
108074,1,0.0
108076,1,0.0
108078,23,0.02
108085,13,0.01
108088,5,0.0
108090,1,0.0
108092,1,0.0
108095,5,0.0
108097,1,0.0
108100,1,0.0
108120,1,0.0
108127,1,0.0
108130,1,0.0
108132,3,0.0
108134,3,0.0
108136,1,0.0
108138,1,0.0
108141,1,0.0
108143,14,0.01
108146,3,0.0
108149,7,0.01
108151,4,0.0
108153,3,0.0
108156,54,0.04
108158,7,0.01
108160,2,0.0
108186,1,0.0
108188,225,0.16
108190,623,0.45
108192,50,0.04
108194,2,0.0
108196,2,0.0
108200,9,0.01
108202,3,0.0
108209,3,0.0
108212,5,0.0
108214,1,0.0
108216,5,0.0
108218,1,0.0
108220,22,0.02
108237,2,0.0
108239,2,0.0
108241,2,0.0
108243,13,0.01
108246,4,0.0
108248,1,0.0
108250,1,0.0
108253,1,0.0
108255,5,0.0
108257,2,0.0
108261,3,0.0
108265,1,0.0
108267,1,0.0
108271,1,0.0
108280,8,0.01
108282,4,0.0
108285,8,0.01
108287,1,0.0
108289,8,0.01
108311,2,0.0
108313,2,0.0
108316,1,0.0
108318,8,0.01
108328,4,0.0
108330,1,0.0
108332,3,0.0
108342,3,0.0
108360,2,0.0
108370,1,0.0
108389,1,0.0
108395,1,0.0
108401,2,0.0
108403,1,0.0
108405,1,0.0
108407,1,0.0
108410,3,0.0
108413,3,0.0
108425,1,0.0
108427,4,0.0
108445,4,0.0
108447,3,0.0
108466,1,0.0
108468,2,0.0
108473,2,0.0
108476,3,0.0
108479,1,0.0
108481,1,0.0
108488,4,0.0
108491,2,0.0
108493,1,0.0
108495,1,0.0
108497,1,0.0
108499,3,0.0
108501,52,0.04
108503,2,0.0
108506,8,0.01
108508,7,0.01
108510,1,0.0
108512,3,0.0
108514,8,0.01
108516,3,0.0
108518,5,0.0
108520,1,0.0
108522,3,0.0
108524,3,0.0
108527,2,0.0
108529,3,0.0
108531,2,0.0
108534,4,0.0
108536,2,0.0
108538,1,0.0
108540,39,0.03
108542,1,0.0
108544,2,0.0
108546,2,0.0
108548,83,0.06
108551,5,0.0
108564,3,0.0
108566,6,0.0
108569,4,0.0
108571,16,0.01
108575,14,0.01
108577,1,0.0
108579,5,0.0
108581,1,0.0
108583,230,0.17
108588,1,0.0
108590,1,0.0
108592,1,0.0
108595,1,0.0
108597,1,0.0
108599,5,0.0
108601,1,0.0
108647,5,0.0
108649,1,0.0
108653,1,0.0
108656,2,0.0
108660,12,0.01
108663,3,0.0
108667,1,0.0
108674,1,0.0
108685,1,0.0
108687,1,0.0
108689,86,0.06
108692,1,0.0
108694,1,0.0
108696,4,0.0
108704,2,0.0
108709,52,0.04
108711,3,0.0
108713,3,0.0
108715,27,0.02
108719,3,0.0
108727,198,0.14
108729,156,0.11
108748,1,0.0
108752,3,0.0
108754,3,0.0
108756,1,0.0
108758,1,0.0
108760,19,0.01
108764,4,0.0
108766,2,0.0
108768,4,0.0
108770,1,0.0
108773,3,0.0
108775,1,0.0
108778,25,0.02
108780,54,0.04
108787,12,0.01
108789,4,0.0
108791,7,0.01
108795,18,0.01
108797,12,0.01
108799,2,0.0
108808,1,0.0
108811,3,0.0
108819,1,0.0
108821,1,0.0
108823,1,0.0
108825,23,0.02
108852,2,0.0
108857,1,0.0
108860,3,0.0
108862,1,0.0
108864,9,0.01
108866,1,0.0
108869,2,0.0
108871,4,0.0
108873,4,0.0
108875,4,0.0
108877,1,0.0
108879,3,0.0
108882,1,0.0
108885,1,0.0
108888,1,0.0
108891,3,0.0
108893,3,0.0
108895,2,0.0
108899,28,0.02
108901,3,0.0
108914,1,0.0
108916,1,0.0
108924,1,0.0
108928,283,0.2
108930,3,0.0
108932,1181,0.85
108934,3,0.0
108936,1,0.0
108938,4,0.0
108940,6,0.0
108942,1,0.0
108945,370,0.27
108947,2,0.0
108949,47,0.03
108951,1,0.0
108953,4,0.0
108968,2,0.0
108977,26,0.02
108979,177,0.13
108981,155,0.11
108983,90,0.06
108987,2,0.0
108989,4,0.0
108991,2,0.0
109000,5,0.0
109002,4,0.0
109004,7,0.01
109006,1,0.0
109008,2,0.0
109010,1,0.0
109019,1,0.0
109027,3,0.0
109030,1,0.0
109032,1,0.0
109034,2,0.0
109038,2,0.0
109042,39,0.03
109045,4,0.0
109055,3,0.0
109057,1,0.0
109060,1,0.0
109062,3,0.0
109064,5,0.0
109066,2,0.0
109069,1,0.0
109072,49,0.04
109074,7,0.01
109076,2,0.0
109093,3,0.0
109096,2,0.0
109098,1,0.0
109102,1,0.0
109104,1,0.0
109106,1,0.0
109108,2,0.0
109151,5,0.0
109153,3,0.0
109155,10,0.01
109157,39,0.03
109159,1,0.0
109161,35,0.03
109168,1,0.0
109173,1,0.0
109177,1,0.0
109179,1,0.0
109181,26,0.02
109183,11,0.01
109185,2,0.0
109187,88,0.06
109189,16,0.01
109191,56,0.04
109193,2,0.0
109195,3,0.0
109197,6,0.0
109199,9,0.01
109201,2,0.0
109203,2,0.0
109205,5,0.0
109207,1,0.0
109209,2,0.0
109226,1,0.0
109229,1,0.0
109235,1,0.0
109237,2,0.0
109239,2,0.0
109241,3,0.0
109243,57,0.04
109249,1,0.0
109251,4,0.0
109253,1,0.0
109256,2,0.0
109265,1,0.0
109267,2,0.0
109269,1,0.0
109277,4,0.0
109280,14,0.01
109282,4,0.0
109284,2,0.0
109290,1,0.0
109295,10,0.01
109313,4,0.0
109315,2,0.0
109317,10,0.01
109321,12,0.01
109323,5,0.0
109325,1,0.0
109330,10,0.01
109351,2,0.0
109353,1,0.0
109355,1,0.0
109359,1,0.0
109362,1,0.0
109364,8,0.01
109366,4,0.0
109368,5,0.0
109370,2,0.0
109372,17,0.01
109374,2230,1.61
109376,24,0.02
109379,3,0.0
109381,1,0.0
109383,5,0.0
109385,3,0.0
109388,6,0.0
109390,5,0.0
109397,3,0.0
109399,4,0.0
109416,5,0.0
109418,2,0.0
109420,20,0.01
109423,15,0.01
109425,12,0.01
109430,2,0.0
109434,1,0.0
109436,2,0.0
109441,1,0.0
109444,1,0.0
109446,2,0.0
109448,1,0.0
109450,3,0.0
109452,19,0.01
109455,2,0.0
109457,2,0.0
109459,1,0.0
109461,8,0.01
109463,4,0.0
109470,2,0.0
109472,23,0.02
109474,1,0.0
109476,1,0.0
109479,1,0.0
109481,1,0.0
109483,80,0.06
109485,5,0.0
109487,1739,1.26
109489,2,0.0
109492,4,0.0
109514,2,0.0
109516,3,0.0
109520,1,0.0
109522,1,0.0
109524,1,0.0
109526,1,0.0
109529,2,0.0
109533,2,0.0
109542,5,0.0
109556,7,0.01
109563,3,0.0
109565,1,0.0
109567,1,0.0
109569,103,0.07
109571,1,0.0
109573,2,0.0
109576,14,0.01
109578,345,0.25
109580,6,0.0
109592,3,0.0
109594,3,0.0
109596,12,0.01
109598,3,0.0
109600,1,0.0
109602,1,0.0
109607,16,0.01
109613,1,0.0
109616,1,0.0
109621,5,0.0
109623,1,0.0
109627,11,0.01
109629,10,0.01
109633,15,0.01
109635,6,0.0
109638,2,0.0
109640,3,0.0
109643,1,0.0
109649,2,0.0
109653,1,0.0
109665,1,0.0
109667,1,0.0
109671,2,0.0
109673,353,0.25
109675,9,0.01
109677,2,0.0
109680,3,0.0
109682,1,0.0
109684,7,0.01
109687,21,0.02
109697,16,0.01
109701,1,0.0
109704,1,0.0
109708,1,0.0
109710,2,0.0
109713,6,0.0
109715,1,0.0
109718,3,0.0
109720,18,0.01
109723,12,0.01
109726,1,0.0
109728,2,0.0
109731,9,0.01
109733,13,0.01
109736,1,0.0
109738,2,0.0
109740,72,0.05
109742,46,0.03
109764,1,0.0
109769,10,0.01
109771,1,0.0
109773,2,0.0
109776,1,0.0
109779,1,0.0
109781,7,0.01
109783,1,0.0
109786,3,0.0
109788,10,0.01
109790,1,0.0
109793,3,0.0
109796,1,0.0
109798,1,0.0
109800,4,0.0
109802,6,0.0
109804,1,0.0
109806,2,0.0
109808,1,0.0
109810,1,0.0
109812,1,0.0
109833,2,0.0
109839,1,0.0
109846,91,0.07
109848,240,0.17
109850,129,0.09
109853,18,0.01
109858,3,0.0
109862,1,0.0
109864,189,0.14
109869,2,0.0
109877,1,0.0
109881,1,0.0
109887,1,0.0
109889,4,0.0
109891,1,0.0
109893,3,0.0
109895,124,0.09
109897,6,0.0
109902,1,0.0
109904,1,0.0
109912,1,0.0
109921,1,0.0
109923,3,0.0
109925,8,0.01
109927,6,0.0
109929,2,0.0
109931,2,0.0
109935,5,0.0
109939,3,0.0
109941,13,0.01
109943,1,0.0
109945,2,0.0
109947,2,0.0
109949,1,0.0
109951,3,0.0
109953,6,0.0
109963,10,0.01
109965,4,0.0
109968,13,0.01
109971,13,0.01
109981,1,0.0
109983,1,0.0
109985,1,0.0
109987,1,0.0
109989,6,0.0
109991,3,0.0
109993,4,0.0
109995,7,0.01
109997,3,0.0
110001,4,0.0
110004,1,0.0
110006,1,0.0
110008,2,0.0
110026,2,0.0
110030,3,0.0
110032,1,0.0
110034,1,0.0
110039,19,0.01
110042,1,0.0
110044,7,0.01
110046,1,0.0
110048,2,0.0
110052,1,0.0
110056,1,0.0
110058,4,0.0
110061,1,0.0
110063,1,0.0
110067,2,0.0
110070,1,0.0
110086,1,0.0
110090,1,0.0
110097,1,0.0
110102,1261,0.91
110104,3,0.0
110106,5,0.0
110110,31,0.02
110114,1,0.0
110116,2,0.0
110119,2,0.0
110123,2,0.0
110127,351,0.25
110130,26,0.02
110132,11,0.01
110134,1,0.0
110138,3,0.0
110140,1,0.0
110159,2,0.0
110163,1,0.0
110167,1,0.0
110169,3,0.0
110171,2,0.0
110173,2,0.0
110177,2,0.0
110179,1,0.0
110181,6,0.0
110194,28,0.02
110196,1,0.0
110198,3,0.0
110200,2,0.0
110216,7,0.01
110219,2,0.0
110223,1,0.0
110225,3,0.0
110227,1,0.0
110229,1,0.0
110233,1,0.0
110235,4,0.0
110240,4,0.0
110255,2,0.0
110259,1,0.0
110265,1,0.0
110267,2,0.0
110269,3,0.0
110273,6,0.0
110276,1,0.0
110278,1,0.0
110281,2,0.0
110284,1,0.0
110286,31,0.02
110288,1,0.0
110293,1,0.0
110295,38,0.03
110297,82,0.06
110310,3,0.0
110312,10,0.01
110314,2,0.0
110316,1,0.0
110318,1,0.0
110320,2,0.0
110322,38,0.03
110324,4,0.0
110326,2,0.0
110328,10,0.01
110330,2,0.0
110337,7,0.01
110339,7,0.01
110342,1,0.0
110346,10,0.01
110348,13,0.01
110350,10,0.01
110352,1,0.0
110366,1,0.0
110372,4,0.0
110375,1,0.0
110380,16,0.01
110387,21,0.02
110390,8,0.01
110403,1,0.0
110405,1,0.0
110407,83,0.06
110409,2,0.0
110412,2,0.0
110415,4,0.0
110417,2,0.0
110419,1,0.0
110426,8,0.01
110431,2,0.0
110433,3,0.0
110437,2,0.0
110439,2,0.0
110441,1,0.0
110445,44,0.03
110447,1,0.0
110449,1,0.0
110451,16,0.01
110453,69,0.05
110455,4,0.0
110457,2,0.0
110459,2,0.0
110461,32,0.02
110482,2,0.0
110484,6,0.0
110486,2,0.0
110491,2,0.0
110497,1,0.0
110501,215,0.16
110503,11,0.01
110505,6,0.0
110508,2,0.0
110510,1,0.0
110512,4,0.0
110515,2,0.0
110533,1,0.0
110535,1,0.0
110537,2,0.0
110541,1,0.0
110546,1,0.0
110548,5,0.0
110551,1,0.0
110553,504,0.36
110555,1,0.0
110557,3,0.0
110562,1,0.0
110564,1,0.0
110566,30,0.02
110568,1,0.0
110580,2,0.0
110582,2,0.0
110584,1,0.0
110586,164,0.12
110588,4,0.0
110591,90,0.06
110593,5,0.0
110597,6,0.0
110599,1,0.0
110601,1,0.0
110603,25,0.02
110607,4,0.0
110609,2,0.0
110611,39,0.03
110613,1,0.0
110627,1,0.0
110629,1,0.0
110633,3,0.0
110635,1,0.0
110637,2,0.0
110639,7,0.01
110641,1,0.0
110643,1,0.0
110645,11,0.01
110649,4,0.0
110653,1,0.0
110655,68,0.05
110657,1,0.0
110669,5,0.0
110671,2,0.0
110673,2,0.0
110675,38,0.03
110678,14,0.01
110686,1,0.0
110718,35,0.03
110730,370,0.27
110739,1,0.0
110744,1,0.0
110746,9,0.01
110748,6,0.0
110750,21,0.02
110752,3,0.0
110763,1,0.0
110765,4,0.0
110769,2,0.0
110771,131,0.09
110773,7,0.01
110779,1,0.0
110781,19,0.01
110788,2,0.0
110790,1,0.0
110792,3,0.0
110794,1,0.0
110796,29,0.02
110798,1,0.0
110800,1,0.0
110802,1,0.0
110805,1,0.0
110807,1,0.0
110809,34,0.02
110811,1,0.0
110813,6,0.0
110818,1,0.0
110824,2,0.0
110826,28,0.02
110828,18,0.01
110845,1,0.0
110850,2,0.0
110852,1,0.0
110854,1,0.0
110858,6,0.0
110860,3,0.0
110867,2,0.0
110871,16,0.01
110873,31,0.02
110880,1,0.0
110882,181,0.13
110884,2,0.0
110889,1,0.0
110892,3,0.0
110895,2,0.0
110897,4,0.0
110899,17,0.01
110921,1,0.0
110948,2,0.0
110951,1,0.0
110966,2,0.0
110968,69,0.05
110970,4,0.0
110975,4,0.0
110982,1,0.0
110984,1,0.0
111031,1,0.0
111036,1,0.0
111038,1,0.0
111040,1,0.0
111042,1,0.0
111044,1,0.0
111046,1,0.0
111050,3,0.0
111100,1,0.0
111103,1,0.0
111105,2,0.0
111107,1,0.0
111109,4,0.0
111111,3,0.0
111113,318,0.23
111115,4,0.0
111119,2,0.0
111124,1,0.0
111126,1,0.0
111128,1,0.0
111130,11,0.01
111142,1,0.0
111144,1,0.0
111146,1,0.0
111170,1,0.0
111226,1,0.0
111228,2,0.0
111230,1,0.0
111233,2,0.0
111235,87,0.06
111237,1,0.0
111245,15,0.01
111247,2,0.0
111249,58,0.04
111251,42,0.03
111253,1,0.0
111255,6,0.0
111257,1,0.0
111259,14,0.01
111261,2,0.0
111264,1,0.0
111266,4,0.0
111283,4,0.0
111285,2,0.0
111287,5,0.0
111290,8,0.01
111303,5,0.0
111310,3,0.0
111312,1,0.0
111314,7,0.01
111316,1,0.0
111320,15,0.01
111329,2,0.0
111332,3,0.0
111343,1,0.0
111345,1,0.0
111347,3,0.0
111349,1,0.0
111351,2,0.0
111360,544,0.39
111362,1534,1.11
111364,548,0.4
111368,1,0.0
111370,1,0.0
111373,3,0.0
111375,44,0.03
111377,3,0.0
111380,1,0.0
111384,102,0.07
111387,28,0.02
111389,13,0.01
111401,2,0.0
111403,3,0.0
111405,2,0.0
111407,2,0.0
111409,3,0.0
111411,2,0.0
111436,19,0.01
111439,1,0.0
111441,7,0.01
111443,352,0.25
111445,2,0.0
111447,3,0.0
111449,3,0.0
111451,1,0.0
111453,1,0.0
111456,2,0.0
111458,3,0.0
111460,12,0.01
111462,1,0.0
111464,1,0.0
111468,3,0.0
111486,4,0.0
111499,2,0.0
111505,1,0.0
111507,1,0.0
111509,2,0.0
111515,2,0.0
111517,2,0.0
111529,40,0.03
111542,1,0.0
111544,5,0.0
111546,1,0.0
111548,1,0.0
111551,25,0.02
111553,5,0.0
111566,1,0.0
111578,2,0.0
111583,1,0.0
111587,8,0.01
111589,6,0.0
111592,5,0.0
111595,1,0.0
111601,1,0.0
111603,4,0.0
111614,1,0.0
111617,76,0.05
111622,220,0.16
111624,3,0.0
111626,6,0.0
111628,4,0.0
111630,12,0.01
111632,1,0.0
111638,1,0.0
111640,1,0.0
111644,5,0.0
111647,9,0.01
111649,1,0.0
111653,3,0.0
111655,1,0.0
111659,489,0.35
111661,40,0.03
111663,9,0.01
111680,12,0.01
111689,1,0.0
111694,1,0.0
111696,1,0.0
111700,1,0.0
111702,1,0.0
111704,4,0.0
111716,1,0.0
111722,1,0.0
111726,3,0.0
111732,10,0.01
111734,13,0.01
111740,1,0.0
111743,197,0.14
111745,4,0.0
111749,1,0.0
111752,1,0.0
111755,4,0.0
111757,4,0.0
111759,1666,1.2
111762,2,0.0
111764,19,0.01
111766,2,0.0
111774,1,0.0
111776,4,0.0
111778,26,0.02
111783,7,0.01
111785,1,0.0
111787,1,0.0
111789,1,0.0
111793,1,0.0
111795,46,0.03
111797,1,0.0
111800,9,0.01
111809,1,0.0
111811,4,0.0
111813,3,0.0
111815,4,0.0
111817,3,0.0
111844,4,0.0
111846,1,0.0
111848,1,0.0
111850,1,0.0
111852,8,0.01
111854,2,0.0
111856,3,0.0
111868,1,0.0
111872,1,0.0
111878,3,0.0
111880,3,0.0
111882,1,0.0
111885,1,0.0
111887,9,0.01
111899,1,0.0
111913,6,0.0
111915,8,0.01
111921,376,0.27
111924,14,0.01
111929,1,0.0
111931,7,0.01
111944,1,0.0
111961,5,0.0
111990,2,0.0
111993,11,0.01
111995,2,0.0
111999,3,0.0
112001,1,0.0
112003,1,0.0
112006,51,0.04
112013,1,0.0
112015,1,0.0
112019,2,0.0
112021,1,0.0
112056,1,0.0
112060,4,0.0
112062,2,0.0
112064,1,0.0
112066,8,0.01
112070,38,0.03
112072,1,0.0
112078,2,0.0
112083,9,0.01
112085,9,0.01
112087,25,0.02
112089,5,0.0
112091,19,0.01
112093,1,0.0
112112,3,0.0
112118,1,0.0
112138,536,0.39
112163,1,0.0
112165,9,0.01
112171,261,0.19
112173,2,0.0
112175,678,0.49
112177,1,0.0
112179,1,0.0
112181,1,0.0
112183,840,0.61
112185,2,0.0
112193,5,0.0
112204,1,0.0
112214,1,0.0
112226,6,0.0
112229,3,0.0
112236,1,0.0
112240,1,0.0
112245,7,0.01
112249,1,0.0
112251,1,0.0
112253,1,0.0
112255,3,0.0
112257,1,0.0
112261,2,0.0
112273,1,0.0
112275,6,0.0
112277,6,0.0
112279,6,0.0
112281,4,0.0
112283,6,0.0
112288,3,0.0
112290,913,0.66
112293,6,0.0
112297,1,0.0
112299,2,0.0
112301,3,0.0
112303,13,0.01
112307,2,0.0
112309,2,0.0
112316,55,0.04
112320,4,0.0
112326,3,0.0
112328,1,0.0
112330,1,0.0
112332,2,0.0
112334,47,0.03
112338,5,0.0
112340,2,0.0
112342,2,0.0
112351,1,0.0
112355,2,0.0
112359,4,0.0
112365,1,0.0
112367,1,0.0
112370,281,0.2
112381,7,0.01
112383,1,0.0
112389,4,0.0
112395,1,0.0
112399,21,0.02
112404,6,0.0
112406,3,0.0
112412,3,0.0
112416,1,0.0
112421,86,0.06
112423,2,0.0
112425,3,0.0
112434,3,0.0
112436,11,0.01
112439,1,0.0
112442,3,0.0
112444,2,0.0
112446,4,0.0
112448,1,0.0
112450,42,0.03
112452,2,0.0
112454,5,0.0
112458,1,0.0
112460,15,0.01
112465,2,0.0
112467,1,0.0
112469,8,0.01
112471,1,0.0
112473,1,0.0
112479,1,0.0
112481,6,0.0
112483,2,0.0
112485,5,0.0
112488,7,0.01
112493,2,0.0
112495,10,0.01
112497,36,0.03
112501,4,0.0
112506,4,0.0
112512,8,0.01
112515,123,0.09
112517,1,0.0
112519,2,0.0
112538,1,0.0
112548,1,0.0
112550,5,0.0
112552,602,0.43
112554,1,0.0
112556,1479,1.07
112577,2,0.0
112580,18,0.01
112582,61,0.04
112586,2,0.0
112589,1,0.0
112594,2,0.0
112596,2,0.0
112599,1,0.0
112601,1,0.0
112603,1,0.0
112606,1,0.0
112610,1,0.0
112621,1,0.0
112623,759,0.55
112625,4,0.0
112637,1,0.0
112640,3,0.0
112642,4,0.0
112650,2,0.0
112653,10,0.01
112655,5,0.0
112657,1,0.0
112663,1,0.0
112665,3,0.0
112672,1,0.0
112689,6,0.0
112693,2,0.0
112705,1,0.0
112710,5,0.0
112723,1,0.0
112725,5,0.0
112727,30,0.02
112729,2,0.0
112731,3,0.0
112733,3,0.0
112735,3,0.0
112741,2,0.0
112743,1,0.0
112749,12,0.01
112753,1,0.0
112759,1,0.0
112764,1,0.0
112767,4,0.0
112770,1,0.0
112772,3,0.0
112774,1,0.0
112776,2,0.0
112778,1,0.0
112780,1,0.0
112782,1,0.0
112784,2,0.0
112788,114,0.08
112790,1,0.0
112792,1,0.0
112798,1,0.0
112800,2,0.0
112802,1,0.0
112804,85,0.06
112807,5,0.0
112809,6,0.0
112811,5,0.0
112814,1,0.0
112816,1,0.0
112818,82,0.06
112842,1,0.0
112844,1,0.0
112850,13,0.01
112852,2049,1.48
112854,4,0.0
112856,1,0.0
112864,1,0.0
112866,5,0.0
112868,72,0.05
112871,1,0.0
112877,1,0.0
112882,1,0.0
112890,6,0.0
112893,1,0.0
112895,16,0.01
112897,162,0.12
112903,4,0.0
112905,1,0.0
112907,1,0.0
112909,1,0.0
112911,100,0.07
112913,17,0.01
112921,1,0.0
112923,1,0.0
112925,2,0.0
112929,6,0.0
112931,1,0.0
112938,2,0.0
112940,152,0.11
112942,1,0.0
112944,1,0.0
112946,41,0.03
112948,1,0.0
112950,2,0.0
112953,1,0.0
112955,2,0.0
112957,1,0.0
112959,3,0.0
112961,2,0.0
112974,6,0.0
112976,1,0.0
112978,1,0.0
112982,1,0.0
112988,5,0.0
112990,1,0.0
112992,1,0.0
112995,3,0.0
112999,1,0.0
113001,1,0.0
113014,1,0.0
113016,1,0.0
113020,1,0.0
113022,3,0.0
113024,1,0.0
113029,1,0.0
113033,1,0.0
113035,3,0.0
113037,2,0.0
113039,1,0.0
113041,2,0.0
113043,1,0.0
113045,1,0.0
113048,2,0.0
113062,4,0.0
113064,44,0.03
113066,2,0.0
113068,2,0.0
113071,20,0.01
113073,4,0.0
113080,3,0.0
113083,2,0.0
113089,9,0.01
113092,5,0.0
113103,20,0.01
113105,4,0.0
113112,13,0.01
113122,1,0.0
113126,2,0.0
113128,1,0.0
113130,4,0.0
113132,1,0.0
113139,2,0.0
113143,1,0.0
113149,1,0.0
113152,2,0.0
113159,27,0.02
113162,1,0.0
113186,9,0.01
113188,45,0.03
113190,3,0.0
113203,1,0.0
113205,3,0.0
113207,37,0.03
113209,2,0.0
113214,2,0.0
113216,8,0.01
113218,3,0.0
113220,4,0.0
113223,1,0.0
113225,93,0.07
113227,1,0.0
113232,1,0.0
113234,2,0.0
113238,2,0.0
113240,26,0.02
113244,1,0.0
113246,2,0.0
113250,16,0.01
113252,40,0.03
113254,3,0.0
113256,1,0.0
113261,1,0.0
113263,3,0.0
113275,156,0.11
113278,46,0.03
113280,2,0.0
113282,2,0.0
113284,2,0.0
113300,4,0.0
113304,1,0.0
113306,1,0.0
113309,1,0.0
113313,9,0.01
113315,11,0.01
113325,1,0.0
113337,1,0.0
113343,1,0.0
113345,77,0.06
113348,172,0.12
113350,7,0.01
113352,1,0.0
113354,1,0.0
113358,1,0.0
113364,10,0.01
113370,2,0.0
113374,11,0.01
113376,1,0.0
113378,150,0.11
113380,1,0.0
113394,6,0.0
113416,3,0.0
113420,2,0.0
113428,1,0.0
113430,2,0.0
113432,1,0.0
113434,2,0.0
113449,3,0.0
113451,3,0.0
113453,77,0.06
113457,1,0.0
113459,2,0.0
113464,1,0.0
113466,1,0.0
113470,1,0.0
113472,3,0.0
113474,8,0.01
113476,1,0.0
113478,1,0.0
113497,1,0.0
113499,5,0.0
113501,13,0.01
113503,3,0.0
113505,2,0.0
113507,1,0.0
113510,3,0.0
113513,1,0.0
113515,1,0.0
113521,3,0.0
113532,28,0.02
113534,11,0.01
113536,2,0.0
113539,1,0.0
113541,1,0.0
113543,1,0.0
113545,1,0.0
113555,1,0.0
113557,5,0.0
113559,5,0.0
113561,1,0.0
113563,1,0.0
113565,17,0.01
113567,1,0.0
113573,251,0.18
113575,3,0.0
113577,1,0.0
113582,3,0.0
113585,1,0.0
113604,64,0.05
113606,2,0.0
113608,1,0.0
113612,2,0.0
113618,1,0.0
113630,8,0.01
113632,3,0.0
113634,2,0.0
113636,1,0.0
113638,1,0.0
113640,9,0.01
113642,25,0.02
113644,2,0.0
113646,2,0.0
113648,2,0.0
113661,1,0.0
113674,7,0.01
113692,2,0.0
113696,17,0.01
113698,2,0.0
113701,1,0.0
113703,2,0.0
113705,59,0.04
113707,3,0.0
113709,1,0.0
113711,3,0.0
113715,1,0.0
113717,2,0.0
113719,1,0.0
113721,1,0.0
113723,1,0.0
113725,1,0.0
113739,1,0.0
113741,130,0.09
113743,1,0.0
113746,3,0.0
113749,1,0.0
113751,3,0.0
113757,1,0.0
113765,1,0.0
113767,6,0.0
113769,15,0.01
113771,2,0.0
113773,2,0.0
113775,27,0.02
113778,2,0.0
113780,44,0.03
113783,1,0.0
113790,1,0.0
113793,2,0.0
113798,3,0.0
113800,2,0.0
113816,1,0.0
113829,73,0.05
113831,1,0.0
113834,2,0.0
113836,1,0.0
113840,2,0.0
113843,5,0.0
113845,1,0.0
113847,1,0.0
113849,1,0.0
113851,3,0.0
113853,2,0.0
113855,1,0.0
113857,1,0.0
113860,1,0.0
113862,73,0.05
113864,1,0.0
113866,4,0.0
113868,14,0.01
113889,11,0.01
113891,2,0.0
113895,1,0.0
113898,1,0.0
113902,3,0.0
113904,1,0.0
113906,3,0.0
113908,1,0.0
113911,1,0.0
113924,2,0.0
113933,1,0.0
113938,3,0.0
113943,1,0.0
113945,1,0.0
113947,1,0.0
113951,2,0.0
113953,1,0.0
113955,1,0.0
113968,3,0.0
113970,1,0.0
113972,1,0.0
113974,2,0.0
113976,3,0.0
113981,1,0.0
113983,1,0.0
113997,1,0.0
113999,1,0.0
114001,1,0.0
114003,4,0.0
114007,52,0.04
114009,3,0.0
114011,1,0.0
114013,7,0.01
114015,1,0.0
114017,1,0.0
114028,86,0.06
114033,35,0.03
114035,13,0.01
114040,2,0.0
114042,24,0.02
114044,11,0.01
114046,17,0.01
114048,2,0.0
114060,109,0.08
114062,4,0.0
114064,1,0.0
114066,19,0.01
114068,2,0.0
114070,4,0.0
114072,1,0.0
114074,67,0.05
114078,3,0.0
114082,31,0.02
114085,3,0.0
114087,1,0.0
114093,1,0.0
114119,1,0.0
114122,4,0.0
114124,2,0.0
114126,3,0.0
114130,3,0.0
114138,1,0.0
114140,1,0.0
114142,1,0.0
114146,2,0.0
114161,4,0.0
114164,2,0.0
114166,2,0.0
114170,1,0.0
114172,1,0.0
114174,1,0.0
114177,1,0.0
114180,436,0.31
114182,8,0.01
114184,18,0.01
114186,1,0.0
114188,1,0.0
114191,1,0.0
114193,1,0.0
114195,3,0.0
114197,1,0.0
114199,1,0.0
114214,1,0.0
114217,1,0.0
114232,1,0.0
114234,1,0.0
114236,1,0.0
114238,1,0.0
114240,7,0.01
114242,16,0.01
114244,14,0.01
114246,95,0.07
114248,9,0.01
114250,12,0.01
114252,1,0.0
114254,1,0.0
114256,1,0.0
114261,1,0.0
114263,5,0.0
114265,41,0.03
114267,1,0.0
114269,2,0.0
114271,2,0.0
114273,2,0.0
114277,8,0.01
114280,1,0.0
114282,1,0.0
114292,1,0.0
114327,1,0.0
114329,9,0.01
114331,3,0.0
114333,1,0.0
114335,2,0.0
114337,1,0.0
114340,2,0.0
114342,64,0.05
114363,1,0.0
114367,1,0.0
114369,1,0.0
114371,1,0.0
114373,1,0.0
114376,3,0.0
114378,2,0.0
114392,25,0.02
114394,2,0.0
114396,7,0.01
114398,1,0.0
114400,2,0.0
114420,1,0.0
114426,11,0.01
114431,1,0.0
114433,1,0.0
114436,3,0.0
114439,46,0.03
114453,2,0.0
114455,4,0.0
114457,2,0.0
114459,21,0.02
114461,4,0.0
114464,9,0.01
114486,7,0.01
114489,1,0.0
114492,3,0.0
114494,2,0.0
114497,8,0.01
114503,1,0.0
114510,1,0.0
114514,2,0.0
114535,2,0.0
114550,3,0.0
114552,91,0.07
114554,25,0.02
114556,1,0.0
114561,1,0.0
114563,5,0.0
114565,1,0.0
114567,1,0.0
114569,1,0.0
114577,1,0.0
114583,1,0.0
114585,1,0.0
114587,2,0.0
114591,2,0.0
114593,2,0.0
114595,1,0.0
114599,1,0.0
114601,79,0.06
114604,4,0.0
114617,2,0.0
114624,1,0.0
114627,4,0.0
114629,1,0.0
114631,3,0.0
114633,2,0.0
114635,8,0.01
114640,5,0.0
114652,3,0.0
114659,5,0.0
114662,256,0.18
114667,2,0.0
114670,43,0.03
114673,1,0.0
114676,1,0.0
114678,27,0.02
114680,6,0.0
114692,7,0.01
114694,1,0.0
114696,2,0.0
114698,1,0.0
114700,6,0.0
114702,1,0.0
114704,23,0.02
114707,72,0.05
114713,59,0.04
114715,2,0.0
114721,9,0.01
114723,10,0.01
114725,3,0.0
114752,1,0.0
114754,1,0.0
114756,3,0.0
114758,18,0.01
114760,13,0.01
114762,40,0.03
114764,1,0.0
114766,1,0.0
114791,1,0.0
114793,6,0.0
114795,124,0.09
114807,1,0.0
114809,2,0.0
114814,3,0.0
114818,28,0.02
114834,2,0.0
114836,2,0.0
114838,3,0.0
114842,4,0.0
114845,2,0.0
114847,88,0.06
114849,10,0.01
114852,3,0.0
114854,3,0.0
114856,5,0.0
114859,3,0.0
114861,4,0.0
114873,2,0.0
114875,4,0.0
114877,2,0.0
114883,1,0.0
114886,5,0.0
114888,4,0.0
114891,1,0.0
114898,1,0.0
114900,1,0.0
114904,1,0.0
114906,4,0.0
114909,1,0.0
114922,1,0.0
114925,9,0.01
114928,6,0.0
114931,1,0.0
114933,5,0.0
114935,318,0.23
114945,8,0.01
114947,1,0.0
114958,8,0.01
114980,3,0.0
114984,1,0.0
114995,1,0.0
115004,1,0.0
115006,1,0.0
115008,2,0.0
115011,6,0.0
115017,1,0.0
115021,2,0.0
115023,2,0.0
115040,2,0.0
115042,1,0.0
115060,1,0.0
115065,5,0.0
115068,1,0.0
115071,14,0.01
115075,5,0.0
115078,1,0.0
115080,1,0.0
115109,5,0.0
115111,5,0.0
115119,2,0.0
115122,88,0.06
115130,2,0.0
115133,1,0.0
115135,2,0.0
115139,1,0.0
115143,2,0.0
115145,4,0.0
115147,13,0.01
115149,292,0.21
115151,4,0.0
115160,3,0.0
115162,4,0.0
115164,1,0.0
115166,1,0.0
115170,127,0.09
115172,9,0.01
115174,23,0.02
115176,4,0.0
115178,3,0.0
115180,5,0.0
115203,6,0.0
115205,1,0.0
115207,1,0.0
115210,379,0.27
115212,3,0.0
115216,13,0.01
115218,1,0.0
115220,7,0.01
115229,1,0.0
115231,131,0.09
115233,1,0.0
115235,8,0.01
115238,1,0.0
115240,11,0.01
115244,2,0.0
115247,1,0.0
115249,3,0.0
115251,2,0.0
115254,1,0.0
115256,1,0.0
115258,3,0.0
115263,3,0.0
115279,2,0.0
115283,1,0.0
115285,1,0.0
115287,1,0.0
115291,2,0.0
115309,1,0.0
115333,2,0.0
115335,2,0.0
115337,1,0.0
115339,1,0.0
115341,2,0.0
115343,2,0.0
115348,2,0.0
115351,2,0.0
115353,1,0.0
115355,4,0.0
115357,3,0.0
115364,2,0.0
115373,2,0.0
115379,1,0.0
115381,19,0.01
115386,1,0.0
115388,1,0.0
115403,1,0.0
115409,3,0.0
115412,1,0.0
115414,24,0.02
115417,3,0.0
115419,1,0.0
115421,1,0.0
115437,6,0.0
115439,1,0.0
115441,1,0.0
115460,1,0.0
115463,1,0.0
115465,2,0.0
115467,8,0.01
115469,1,0.0
115471,7,0.01
115473,1,0.0
115475,1,0.0
115479,1,0.0
115502,7,0.01
115504,6,0.0
115518,1,0.0
115522,2,0.0
115524,1,0.0
115526,2,0.0
115529,1,0.0
115531,1,0.0
115534,31,0.02
115538,1,0.0
115540,1,0.0
115558,1,0.0
115565,2,0.0
115569,609,0.44
115571,1,0.0
115574,2,0.0
115598,1,0.0
115600,2,0.0
115602,2,0.0
115604,1,0.0
115611,3,0.0
115617,448,0.32
115620,1,0.0
115622,8,0.01
115624,2,0.0
115629,5,0.0
115631,1,0.0
115633,2,0.0
115653,1,0.0
115664,57,0.04
115667,23,0.02
115669,6,0.0
115671,1,0.0
115676,2,0.0
115678,2,0.0
115680,19,0.01
115682,1,0.0
115685,7,0.01
115687,2,0.0
115699,3,0.0
115701,1,0.0
115703,7,0.01
115705,13,0.01
115708,6,0.0
115711,7,0.01
115715,1,0.0
115721,5,0.0
115724,1,0.0
115727,4,0.0
115746,3,0.0
115748,4,0.0
115752,1,0.0
115754,1,0.0
115759,2,0.0
115761,3,0.0
115766,1,0.0
115768,1,0.0
115770,7,0.01
115772,2,0.0
115775,1,0.0
115777,5,0.0
115781,6,0.0
115789,4,0.0
115819,6,0.0
115821,1,0.0
115824,31,0.02
115826,3,0.0
115828,9,0.01
115831,1,0.0
115834,1,0.0
115840,2,0.0
115867,1,0.0
115869,1,0.0
115871,3,0.0
115873,2,0.0
115875,12,0.01
115877,19,0.01
115879,10,0.01
115881,34,0.02
115885,1,0.0
115895,2,0.0
115903,1,0.0
115909,2,0.0
115915,2,0.0
115919,1,0.0
115921,5,0.0
115923,2,0.0
115925,1,0.0
115927,6,0.0
115929,1,0.0
115937,2,0.0
115939,4,0.0
115941,12,0.01
115943,4,0.0
115945,6,0.0
115947,1,0.0
115949,6,0.0
115955,1,0.0
115967,7,0.01
115969,4,0.0
115971,2,0.0
115973,5,0.0
115975,1,0.0
115977,1,0.0
115987,1,0.0
115989,1,0.0
115994,1,0.0
115996,2,0.0
115998,5,0.0
116000,1,0.0
116002,5,0.0
116004,8,0.01
116006,1,0.0
116008,1,0.0
116010,1,0.0
116012,2,0.0
116014,2,0.0
116016,2,0.0
116024,3,0.0
116028,2,0.0
116030,4,0.0
116032,2,0.0
116034,1,0.0
116036,3,0.0
116044,1,0.0
116048,1,0.0
116062,1,0.0
116064,1,0.0
116080,6,0.0
116082,2,0.0
116084,3,0.0
116086,3,0.0
116088,2,0.0
116090,2,0.0
116092,2,0.0
116094,1,0.0
116096,1,0.0
116098,1,0.0
116100,1,0.0
116102,1,0.0
116104,1,0.0
116106,1,0.0
116108,1,0.0
116126,1,0.0
116128,2,0.0
116136,33,0.02
116138,59,0.04
116141,1,0.0
116155,7,0.01
116157,2,0.0
116159,1,0.0
116161,177,0.13
116163,1,0.0
116165,1,0.0
116167,2,0.0
116169,5,0.0
116171,1,0.0
116173,1,0.0
116175,1,0.0
116177,1,0.0
116179,1,0.0
116181,1,0.0
116183,1,0.0
116185,1,0.0
116187,1,0.0
116189,1,0.0
116191,4,0.0
116195,1,0.0
116197,1,0.0
116201,1,0.0
116203,1,0.0
116207,3,0.0
116209,1,0.0
116211,1,0.0
116213,3,0.0
116215,1,0.0
116217,5,0.0
116219,4,0.0
116221,1,0.0
116227,1,0.0
116231,2,0.0
116233,1,0.0
116261,4,0.0
116267,2,0.0
116271,1,0.0
116275,2,0.0
116283,1,0.0
116285,1,0.0
116291,1,0.0
116293,1,0.0
116305,1,0.0
116307,5,0.0
116311,2,0.0
116313,1,0.0
116323,1,0.0
116387,1,0.0
116397,41,0.03
116399,1,0.0
116401,1,0.0
116405,1,0.0
116407,1,0.0
116409,1,0.0
116411,6,0.0
116413,19,0.01
116415,2,0.0
116417,1,0.0
116419,3,0.0
116421,1,0.0
116425,1,0.0
116431,1,0.0
116433,1,0.0
116435,1,0.0
116441,1,0.0
116447,1,0.0
116453,5,0.0
116463,2,0.0
116465,2,0.0
116467,1,0.0
116477,1,0.0
116481,1,0.0
116483,1,0.0
116485,1,0.0
116487,3,0.0
116489,2,0.0
116491,2,0.0
116493,4,0.0
116495,2,0.0
116497,1,0.0
116499,2,0.0
116501,4,0.0
116503,2,0.0
116511,1,0.0
116519,1,0.0
116525,2,0.0
116529,7,0.01
116539,2,0.0
116547,1,0.0
116562,1,0.0
116568,2,0.0
116580,1,0.0
116584,1,0.0
116600,1,0.0
116602,1,0.0
116608,1,0.0
116647,1,0.0
116660,4,0.0
116664,2,0.0
116668,10,0.01
116680,2,0.0
116682,2,0.0
116700,3,0.0
116704,1,0.0
116710,1,0.0
116716,1,0.0
116718,2,0.0
116720,1,0.0
116722,3,0.0
116726,4,0.0
116728,1,0.0
116730,1,0.0
116738,2,0.0
116750,2,0.0
116754,1,0.0
116758,1,0.0
116766,1,0.0
116770,2,0.0
116772,1,0.0
116779,3,0.0
116781,9,0.01
116787,1,0.0
116791,1,0.0
116793,1,0.0
116797,759,0.55
116799,92,0.07
116801,2,0.0
116803,1,0.0
116807,2,0.0
116813,2,0.0
116817,7,0.01
116819,1,0.0
116821,2,0.0
116823,567,0.41
116831,2,0.0
116833,1,0.0
116837,2,0.0
116839,3,0.0
116841,28,0.02
116847,1,0.0
116849,12,0.01
116851,1,0.0
116853,4,0.0
116855,13,0.01
116857,3,0.0
116859,3,0.0
116861,1,0.0
116887,94,0.07
116893,4,0.0
116895,1,0.0
116897,45,0.03
116899,4,0.0
116901,5,0.0
116903,2,0.0
116905,12,0.01
116907,7,0.01
116909,1,0.0
116911,1,0.0
116913,1,0.0
116915,1,0.0
116917,1,0.0
116921,1,0.0
116923,1,0.0
116927,1,0.0
116933,3,0.0
116937,1,0.0
116939,2,0.0
116941,3,0.0
116943,1,0.0
116945,1,0.0
116947,1,0.0
116949,1,0.0
116951,6,0.0
116953,3,0.0
116955,1,0.0
116957,5,0.0
116959,1,0.0
116961,1,0.0
116963,2,0.0
116965,1,0.0
116967,1,0.0
116969,3,0.0
116971,2,0.0
116973,1,0.0
116977,145,0.1
116979,1,0.0
116981,1,0.0
116983,1,0.0
116985,6,0.0
116987,1,0.0
116989,1,0.0
117003,1,0.0
117017,1,0.0
117061,1,0.0
117065,2,0.0
117107,13,0.01
117109,48,0.03
117113,2,0.0
117115,1,0.0
117119,1,0.0
117123,34,0.02
117129,1,0.0
117133,2,0.0
117136,2,0.0
117138,1,0.0
117142,1,0.0
117146,8,0.01
117156,1,0.0
117172,1,0.0
117176,349,0.25
117180,1,0.0
117182,1,0.0
117192,36,0.03
117194,4,0.0
117300,1,0.0
117308,9,0.01
117310,2,0.0
117312,8,0.01
117314,1,0.0
117320,1,0.0
117322,1,0.0
117326,1,0.0
117328,1,0.0
117330,1,0.0
117332,2,0.0
117334,6,0.0
117336,1,0.0
117340,2,0.0
117344,6,0.0
117350,1,0.0
117354,1,0.0
117358,2,0.0
117362,1,0.0
117364,22,0.02
117366,2,0.0
117368,7,0.01
117370,3,0.0
117372,7,0.01
117374,2,0.0
117376,1,0.0
117415,1,0.0
117418,1,0.0
117420,3,0.0
117424,1,0.0
117426,1,0.0
117428,1,0.0
117430,5,0.0
117432,1,0.0
117434,7,0.01
117442,1,0.0
117444,25,0.02
117446,3,0.0
117448,2,0.0
117450,1,0.0
117452,1,0.0
117454,1,0.0
117456,14,0.01
117458,1,0.0
117460,1,0.0
117462,1,0.0
117464,2,0.0
117466,2,0.0
117468,1,0.0
117470,1,0.0
117472,1,0.0
117476,2,0.0
117478,1,0.0
117480,4,0.0
117482,1,0.0
117486,1,0.0
117488,3,0.0
117490,3,0.0
117492,5,0.0
117494,1,0.0
117496,1,0.0
117498,1,0.0
117504,1,0.0
117506,3,0.0
117509,1,0.0
117511,28,0.02
117513,1,0.0
117515,7,0.01
117517,7,0.01
117523,1,0.0
117525,2,0.0
117527,1,0.0
117531,2,0.0
117533,81,0.06
117535,1,0.0
117537,1,0.0
117539,1,0.0
117541,1,0.0
117543,2,0.0
117545,10,0.01
117547,3,0.0
117549,20,0.01
117551,1,0.0
117553,1,0.0
117555,4,0.0
117561,1,0.0
117570,1,0.0
117572,2,0.0
117574,1,0.0
117576,1,0.0
117578,1,0.0
117582,4,0.0
117584,1,0.0
117586,1,0.0
117588,4,0.0
117590,102,0.07
117592,1,0.0
117594,2,0.0
117598,1,0.0
117604,2,0.0
117606,1,0.0
117618,1,0.0
117624,1,0.0
117628,2,0.0
117630,1,0.0
117638,1,0.0
117642,1,0.0
117646,4,0.0
117650,1,0.0
117698,1,0.0
117706,1,0.0
117708,1,0.0
117710,1,0.0
117712,1,0.0
117714,1,0.0
117716,1,0.0
117722,1,0.0
117726,5,0.0
117728,3,0.0
117732,2,0.0
117750,1,0.0
117752,1,0.0
117840,1,0.0
117843,1,0.0
117845,1,0.0
117847,2,0.0
117849,5,0.0
117851,68,0.05
117853,1,0.0
117855,1,0.0
117857,1,0.0
117859,1,0.0
117861,4,0.0
117863,2,0.0
117865,1,0.0
117867,35,0.03
117869,1,0.0
117871,14,0.01
117873,3,0.0
117875,2,0.0
117877,11,0.01
117879,6,0.0
117881,65,0.05
117883,1,0.0
117885,14,0.01
117887,51,0.04
117889,1,0.0
117891,1,0.0
117893,10,0.01
117897,1,0.0
117899,2,0.0
117903,2,0.0
117905,1,0.0
117907,1,0.0
117909,6,0.0
117911,4,0.0
117918,1,0.0
117920,6,0.0
117922,9,0.01
117924,1,0.0
117926,1,0.0
117928,2,0.0
117930,1,0.0
117932,1,0.0
117989,1,0.0
117997,1,0.0
118006,1,0.0
118023,1,0.0
118054,1,0.0
118082,27,0.02
118085,1,0.0
118095,1,0.0
118097,2,0.0
118099,2,0.0
118101,9,0.01
118103,2,0.0
118105,7,0.01
118107,1,0.0
118109,4,0.0
118111,1,0.0
118113,2,0.0
118117,1,0.0
118133,1,0.0
118166,3,0.0
118173,4,0.0
118177,1,0.0
118189,5,0.0
118193,1,0.0
118195,1,0.0
118198,2,0.0
118200,1,0.0
118202,3,0.0
118204,1,0.0
118206,6,0.0
118214,1,0.0
118220,1,0.0
118236,1,0.0
118242,1,0.0
118244,5,0.0
118246,9,0.01
118248,11,0.01
118250,1,0.0
118252,4,0.0
118254,1,0.0
118256,1,0.0
118258,1,0.0
118260,7,0.01
118262,1,0.0
118264,2,0.0
118266,1,0.0
118268,1,0.0
118270,4,0.0
118272,3,0.0
118274,1,0.0
118276,1,0.0
118278,2,0.0
118286,1,0.0
118288,2,0.0
118290,1,0.0
118292,1,0.0
118294,1,0.0
118296,1,0.0
118298,1,0.0
118300,3,0.0
118302,2,0.0
118324,1,0.0
118326,1,0.0
118330,1,0.0
118332,1,0.0
118334,1,0.0
118336,1,0.0
118338,4,0.0
118340,1,0.0
118342,2,0.0
118344,2,0.0
118346,1,0.0
118348,1,0.0
118350,1,0.0
118352,1,0.0
118354,15,0.01
118380,1,0.0
118388,3,0.0
118392,3,0.0
118426,1,0.0
118446,1,0.0
118448,1,0.0
118458,1,0.0
118460,1,0.0
118462,1,0.0
118464,1,0.0
118466,7,0.01
118468,3,0.0
118482,1,0.0
118484,1,0.0
118486,1,0.0
118492,1,0.0
118494,1,0.0
118496,4,0.0
118500,1,0.0
118510,1,0.0
118512,4,0.0
118522,1,0.0
118524,1,0.0
118528,1,0.0
118530,1,0.0
118532,2,0.0
118544,1,0.0
118546,1,0.0
118558,1,0.0
118566,1,0.0
118568,1,0.0
118570,3,0.0
118572,4,0.0
118574,1,0.0
118576,1,0.0
118584,1,0.0
118606,2,0.0
118608,1,0.0
118610,1,0.0
118684,9,0.01
118686,3,0.0
118688,2,0.0
118690,1,0.0
118692,1,0.0
118694,1,0.0
118696,538,0.39
118700,88,0.06
118702,63,0.05
118704,2,0.0
118706,14,0.01
118708,1,0.0
118710,3,0.0
118718,2,0.0
118734,3,0.0
118742,1,0.0
118758,1,0.0
118760,19,0.01
118762,5,0.0
118764,3,0.0
118766,3,0.0
118768,1,0.0
118770,1,0.0
118774,1,0.0
118776,2,0.0
118778,1,0.0
118784,1,0.0
118814,7,0.01
118816,1,0.0
118854,4,0.0
118856,1,0.0
118858,2,0.0
118860,1,0.0
118862,1,0.0
118864,1,0.0
118866,5,0.0
118868,1,0.0
118872,8,0.01
118874,1,0.0
118876,5,0.0
118878,2,0.0
118880,16,0.01
118882,1,0.0
118884,1,0.0
118886,1,0.0
118888,19,0.01
118890,19,0.01
118892,1,0.0
118896,18,0.01
118898,49,0.04
118900,109,0.08
118902,1,0.0
118904,1,0.0
118916,2,0.0
118922,2,0.0
118924,39,0.03
118930,35,0.03
118932,1,0.0
118934,1,0.0
118936,1,0.0
118938,1,0.0
118940,2,0.0
118942,1,0.0
118944,1,0.0
118946,2,0.0
118948,1,0.0
118950,1,0.0
118952,4,0.0
118954,1,0.0
118956,1,0.0
118958,1,0.0
118960,1,0.0
118962,1,0.0
118964,1,0.0
118968,1,0.0
118970,12,0.01
118972,6,0.0
118974,2,0.0
118983,1,0.0
118985,54,0.04
118997,129,0.09
119027,1,0.0
119029,1,0.0
119031,1,0.0
119035,1,0.0
119037,1,0.0
119039,1,0.0
119041,1,0.0
119043,1,0.0
119045,1,0.0
119049,1,0.0
119051,1,0.0
119053,1,0.0
119055,1,0.0
119057,1,0.0
119059,1,0.0
119061,2,0.0
119063,1,0.0
119065,5,0.0
119068,27,0.02
119080,2,0.0
119082,2,0.0
119084,2,0.0
119086,1,0.0
119126,3,0.0
119129,1,0.0
119131,1,0.0
119133,1,0.0
119135,1,0.0
119137,1,0.0
119139,31,0.02
119141,375,0.27
119145,159,0.11
119147,2,0.0
119149,1,0.0
119153,16,0.01
119155,73,0.05
119157,1,0.0
119159,1,0.0
119161,2,0.0
119163,1,0.0
119165,1,0.0
119167,1,0.0
119171,2,0.0
119174,1,0.0
119176,1,0.0
119178,1,0.0
119180,1,0.0
119182,2,0.0
119184,1,0.0
119186,2,0.0
119188,1,0.0
119190,2,0.0
119192,1,0.0
119194,1,0.0
119196,1,0.0
119198,1,0.0
119200,1,0.0
119202,3,0.0
119204,1,0.0
119206,1,0.0
119208,2,0.0
119210,1,0.0
119212,1,0.0
119214,1,0.0
119216,3,0.0
119218,13,0.01
119220,2,0.0
119222,2,0.0
119224,3,0.0
119226,1,0.0
119303,1,0.0
119305,1,0.0
119308,1,0.0
119310,1,0.0
119312,1,0.0
119314,1,0.0
119332,1,0.0
119424,1,0.0
119426,1,0.0
119428,1,0.0
119430,1,0.0
119432,4,0.0
119438,1,0.0
119440,1,0.0
119454,2,0.0
119563,3,0.0
119565,5,0.0
119567,3,0.0
119569,2,0.0
119571,2,0.0
119575,1,0.0
119583,1,0.0
119601,1,0.0
119615,1,0.0
119627,1,0.0
119629,2,0.0
119645,1,0.0
119649,5,0.0
119653,2,0.0
119655,19,0.01
119663,1,0.0
119667,3,0.0
119670,3,0.0
119672,1,0.0
119677,2,0.0
119679,1,0.0
119681,2,0.0
119683,1,0.0
119685,4,0.0
119687,3,0.0
119689,1,0.0
119691,1,0.0
119693,1,0.0
119695,1,0.0
119697,1,0.0
119699,1,0.0
119701,1,0.0
119703,2,0.0
119705,3,0.0
119714,5,0.0
119752,1,0.0
119770,1,0.0
119782,1,0.0
119796,1,0.0
119800,1,0.0
119802,2,0.0
119804,2,0.0
119812,1,0.0
119818,1,0.0
119820,1,0.0
119822,1,0.0
119830,1,0.0
119832,1,0.0
119836,2,0.0
119850,1,0.0
119874,1,0.0
119878,1,0.0
119901,1,0.0
119904,1,0.0
119907,1,0.0
119909,1,0.0
119946,1,0.0
119948,7,0.01
119950,1,0.0
119954,1,0.0
119960,1,0.0
119964,6,0.0
119966,6,0.0
119975,2,0.0
119977,2,0.0
120076,2,0.0
120102,1,0.0
120104,1,0.0
120110,3,0.0
120112,2,0.0
120114,1,0.0
120116,1,0.0
120118,1,0.0
120120,1,0.0
120122,4,0.0
120124,2,0.0
120126,1,0.0
120128,1,0.0
120130,2,0.0
120132,24,0.02
120134,1,0.0
120136,1,0.0
120138,21,0.02
120142,1,0.0
120146,1,0.0
120202,1,0.0
120206,1,0.0
120214,1,0.0
120216,1,0.0
120222,3,0.0
120246,1,0.0
120272,1,0.0
120274,2,0.0
120276,1,0.0
120278,1,0.0
120280,1,0.0
120282,2,0.0
120284,1,0.0
120290,1,0.0
120292,6,0.0
120294,3,0.0
120299,1,0.0
120301,1,0.0
120311,1,0.0
120313,1,0.0
120315,4,0.0
120317,2,0.0
120323,2,0.0
120388,1,0.0
120390,1,0.0
120392,8,0.01
120400,2,0.0
120410,1,0.0
120412,2,0.0
120420,1,0.0
120432,1,0.0
120438,3,0.0
120440,2,0.0
120442,2,0.0
120444,2,0.0
120446,1,0.0
120448,1,0.0
120450,1,0.0
120452,1,0.0
120454,1,0.0
120462,4,0.0
120464,1,0.0
120466,39,0.03
120468,4,0.0
120470,1,0.0
120474,18,0.01
120476,1,0.0
120478,8,0.01
120480,1,0.0
120482,1,0.0
120484,1,0.0
120486,2,0.0
120488,2,0.0
120524,1,0.0
120534,1,0.0
120536,2,0.0
120574,1,0.0
120578,1,0.0
120580,1,0.0
120588,1,0.0
120610,2,0.0
120621,1,0.0
120623,4,0.0
120625,2,0.0
120627,1,0.0
120629,2,0.0
120631,1,0.0
120635,94,0.07
120637,13,0.01
120639,1,0.0
120641,1,0.0
120757,2,0.0
120759,1,0.0
120761,2,0.0
120763,1,0.0
120765,1,0.0
120767,1,0.0
120769,1,0.0
120771,1,0.0
120773,1,0.0
120775,2,0.0
120777,1,0.0
120779,2,0.0
120781,2,0.0
120783,4,0.0
120787,1,0.0
120789,1,0.0
120791,1,0.0
120793,1,0.0
120795,1,0.0
120801,2,0.0
120803,2,0.0
120805,3,0.0
120807,12,0.01
120809,1,0.0
120811,9,0.01
120813,9,0.01
120815,10,0.01
120817,2,0.0
120819,3,0.0
120821,5,0.0
120823,5,0.0
120825,29,0.02
120827,4,0.0
120829,1,0.0
120831,1,0.0
120833,1,0.0
120835,7,0.01
120837,2,0.0
120839,1,0.0
120845,2,0.0
120851,1,0.0
120853,5,0.0
120855,2,0.0
120857,1,0.0
120859,1,0.0
120861,1,0.0
120863,2,0.0
120865,1,0.0
120867,1,0.0
120869,1,0.0
120871,1,0.0
120873,1,0.0
120875,1,0.0
120877,1,0.0
120879,1,0.0
120881,1,0.0
120883,1,0.0
120885,1,0.0
120887,1,0.0
120889,1,0.0
120891,1,0.0
120895,1,0.0
120897,2,0.0
120901,1,0.0
120903,1,0.0
120905,1,0.0
120907,1,0.0
120909,1,0.0
120913,1,0.0
120919,3,0.0
120921,1,0.0
120928,1,0.0
120930,1,0.0
120932,1,0.0
120934,5,0.0
120936,5,0.0
120938,3,0.0
120940,3,0.0
120942,2,0.0
120944,3,0.0
120946,3,0.0
120948,1,0.0
120952,1,0.0
121005,1,0.0
121009,1,0.0
121017,1,0.0
121019,1,0.0
121021,1,0.0
121023,2,0.0
121025,1,0.0
121027,1,0.0
121029,1,0.0
121031,1,0.0
121033,1,0.0
121035,9,0.01
121039,1,0.0
121063,1,0.0
121097,1,0.0
121099,7,0.01
121103,2,0.0
121111,8,0.01
121113,4,0.0
121115,1,0.0
121117,2,0.0
121122,1,0.0
121126,7,0.01
121129,5,0.0
121133,2,0.0
121135,5,0.0
121137,1,0.0
121139,1,0.0
121141,1,0.0
121143,2,0.0
121145,1,0.0
121150,1,0.0
121152,2,0.0
121155,2,0.0
121159,4,0.0
121161,1,0.0
121167,1,0.0
121171,5,0.0
121173,1,0.0
121184,2,0.0
121190,1,0.0
121192,1,0.0
121194,2,0.0
121196,2,0.0
121202,2,0.0
121205,1,0.0
121211,1,0.0
121225,3,0.0
121227,6,0.0
121231,15,0.01
121235,6,0.0
121241,2,0.0
121243,1,0.0
121253,6,0.0
121255,2,0.0
121259,1,0.0
121271,3,0.0
121275,2,0.0
121294,3,0.0
121298,1,0.0
121300,1,0.0
121302,1,0.0
121304,1,0.0
121306,1,0.0
121308,6,0.0
121310,1,0.0
121312,1,0.0
121318,1,0.0
121322,1,0.0
121324,1,0.0
121326,1,0.0
121338,1,0.0
121340,1,0.0
121342,1,0.0
121352,1,0.0
121366,5,0.0
121370,2,0.0
121372,12,0.01
121374,9,0.01
121382,2,0.0
121403,1,0.0
121407,1,0.0
121413,2,0.0
121436,1,0.0
121457,1,0.0
121463,1,0.0
121467,1,0.0
121469,1,0.0
121473,1,0.0
121477,4,0.0
121481,1,0.0
121483,7,0.01
121485,2,0.0
121487,1,0.0
121489,1,0.0
121491,1,0.0
121493,1,0.0
121495,1,0.0
121545,1,0.0
121575,1,0.0
121581,1,0.0
121583,3,0.0
121586,1,0.0
121588,1,0.0
121590,1,0.0
121592,1,0.0
121594,2,0.0
121596,2,0.0
121598,2,0.0
121600,1,0.0
121699,1,0.0
121733,1,0.0
121735,1,0.0
121781,1,0.0
121785,1,0.0
121792,2,0.0
121797,1,0.0
121831,1,0.0
121863,1,0.0
121879,1,0.0
121985,1,0.0
122029,1,0.0
122037,1,0.0
122041,1,0.0
122086,1,0.0
122092,2,0.0
122096,2,0.0
122100,3,0.0
122104,5,0.0
122110,1,0.0
122127,1,0.0
122131,1,0.0
122143,1,0.0
122145,1,0.0
122147,2,0.0
122197,1,0.0
122216,1,0.0
122228,2,0.0
122230,2,0.0
122246,3,0.0
122250,1,0.0
122254,1,0.0
122258,1,0.0
122260,1,0.0
122264,1,0.0
122278,1,0.0
122280,1,0.0
122284,1,0.0
122288,1,0.0
122290,2,0.0
122292,1,0.0
122300,4,0.0
122308,1,0.0
122310,1,0.0
122315,1,0.0
122319,2,0.0
122321,1,0.0
122335,3,0.0
122343,1,0.0
122413,3,0.0
122421,1,0.0
122423,2,0.0
122425,3,0.0
122441,1,0.0
122458,1,0.0
122478,1,0.0
122480,2,0.0
122490,1,0.0
122495,1,0.0
122501,1,0.0
122519,1,0.0
122547,1,0.0
122569,6,0.0
122575,2,0.0
122593,1,0.0
122595,1,0.0
122623,1,0.0
122625,1,0.0
122683,1,0.0
122693,1,0.0
122699,3,0.0
122711,1,0.0
122733,1,0.0
122735,1,0.0
122749,1,0.0
122754,1,0.0
122756,3,0.0
122764,1,0.0
122770,1,0.0
122774,1,0.0
122783,1,0.0
122787,1,0.0
122793,1,0.0
122799,1,0.0
122807,1,0.0
122819,1,0.0
122825,1,0.0
122849,1,0.0
122851,1,0.0
122855,1,0.0
122857,2,0.0
122859,1,0.0
122861,1,0.0
122880,1,0.0
122928,1,0.0
122930,1,0.0
122932,3,0.0
122934,1,0.0
122936,1,0.0
122938,1,0.0
122940,6,0.0
122942,1,0.0
122944,1,0.0
122946,3,0.0
122948,3,0.0
122950,1,0.0
123016,1,0.0
123024,1,0.0
123099,1,0.0
123107,3,0.0
123109,3,0.0
123113,1,0.0
123115,1,0.0
123119,2,0.0
123121,2,0.0
123139,1,0.0
123155,1,0.0
123159,1,0.0
123172,1,0.0
123174,1,0.0
123188,1,0.0
123192,3,0.0
123198,1,0.0
123200,1,0.0
123219,1,0.0
123221,1,0.0
123225,1,0.0
123244,2,0.0
123264,1,0.0
123288,6,0.0
123298,1,0.0
123312,1,0.0
123314,1,0.0
123316,2,0.0
123326,1,0.0
123333,1,0.0
123347,1,0.0
123351,1,0.0
123353,1,0.0
123359,1,0.0
123385,1,0.0
123401,1,0.0
123407,1,0.0
123419,2,0.0
123439,1,0.0
123465,1,0.0
123467,2,0.0
123477,3,0.0
123481,1,0.0
123487,1,0.0
123493,1,0.0
123499,1,0.0
123553,1,0.0
123565,1,0.0
123571,10,0.01
123579,1,0.0
123587,1,0.0
123596,1,0.0
123600,1,0.0
123607,1,0.0
123609,1,0.0
123613,1,0.0
123621,1,0.0
123625,1,0.0
123627,1,0.0
123629,1,0.0
123639,3,0.0
123645,1,0.0
123655,1,0.0
123669,1,0.0
123735,1,0.0
123761,1,0.0
123773,1,0.0
123816,1,0.0
123824,1,0.0
123911,1,0.0
123939,2,0.0
123941,1,0.0
123943,2,0.0
123945,1,0.0
123947,21,0.02
123949,1,0.0
123951,1,0.0
123973,1,0.0
123981,1,0.0
123985,1,0.0
124013,1,0.0
124048,1,0.0
124050,1,0.0
124077,1,0.0
124131,1,0.0
124178,1,0.0
124182,1,0.0
124213,1,0.0
124220,1,0.0
124224,1,0.0
124230,1,0.0
124232,1,0.0
124235,1,0.0
124253,1,0.0
124273,3,0.0
124292,2,0.0
124298,1,0.0
124300,1,0.0
124302,1,0.0
124304,2,0.0
124332,1,0.0
124348,3,0.0
124352,1,0.0
124358,1,0.0
124368,1,0.0
124394,1,0.0
124412,1,0.0
124414,1,0.0
124430,1,0.0
124442,1,0.0
124446,1,0.0
124450,1,0.0
124452,1,0.0
124470,1,0.0
124490,1,0.0
124507,1,0.0
124531,1,0.0
124533,1,0.0
124537,1,0.0
124544,1,0.0
124550,1,0.0
124562,1,0.0
124607,1,0.0
124627,1,0.0
124639,1,0.0
124647,1,0.0
124657,1,0.0
124691,1,0.0
124693,1,0.0
124713,1,0.0
124721,1,0.0
124725,1,0.0
124735,1,0.0
124751,1,0.0
124765,1,0.0
124769,1,0.0
124775,1,0.0
124779,1,0.0
124793,1,0.0
124807,1,0.0
124819,1,0.0
124825,1,0.0
124841,1,0.0
124843,1,0.0
124851,1,0.0
124853,1,0.0
124855,1,0.0
124857,1,0.0
124859,18,0.01
124861,3,0.0
124867,26,0.02
124869,1,0.0
124871,1,0.0
124889,1,0.0
124919,1,0.0
124943,2,0.0
124963,1,0.0
124965,1,0.0
124971,1,0.0
124983,1,0.0
125005,1,0.0
125065,1,0.0
125077,4,0.0
125079,1,0.0
125081,1,0.0
125085,1,0.0
125091,1,0.0
125133,1,0.0
125155,1,0.0
125159,1,0.0
125169,1,0.0
125173,1,0.0
125183,1,0.0
125207,1,0.0
125213,1,0.0
125223,1,0.0
125237,1,0.0
125241,1,0.0
125263,1,0.0
125267,1,0.0
125271,1,0.0
125277,1,0.0
125305,1,0.0
125345,1,0.0
125353,1,0.0
125359,1,0.0
125381,1,0.0
125385,1,0.0
125387,1,0.0
125397,1,0.0
125399,1,0.0
125405,1,0.0
125417,1,0.0
125429,1,0.0
125455,1,0.0
125471,1,0.0
125481,1,0.0
125499,1,0.0
125507,1,0.0
125509,1,0.0
125517,1,0.0
125521,1,0.0
125523,1,0.0
125531,1,0.0
125533,2,0.0
125535,1,0.0
125537,1,0.0
125539,1,0.0
125543,4,0.0
125545,1,0.0
125563,1,0.0
125565,2,0.0
125571,1,0.0
125574,1,0.0
125596,2,0.0
125599,1,0.0
125628,1,0.0
125630,4,0.0
125632,1,0.0
125634,1,0.0
125636,1,0.0
125638,1,0.0
125640,2,0.0
125642,1,0.0
125644,1,0.0
125646,1,0.0
125652,1,0.0
125656,1,0.0
125658,2,0.0
125661,2,0.0
125782,1,0.0
125786,1,0.0
125854,1,0.0
125864,1,0.0
125868,1,0.0
125872,1,0.0
125876,1,0.0
125878,1,0.0
125882,1,0.0
125884,1,0.0
125886,1,0.0
125888,1,0.0
125894,1,0.0
125898,1,0.0
125902,1,0.0
125904,1,0.0
125908,1,0.0
125910,2,0.0
125912,1,0.0
125914,10,0.01
125916,96,0.07
125918,3,0.0
125920,1,0.0
125922,1,0.0
125924,1,0.0
125926,6,0.0
125928,1,0.0
125930,1,0.0
125932,2,0.0
125934,1,0.0
125936,3,0.0
125938,1,0.0
125940,1,0.0
125942,1,0.0
125944,1,0.0
125946,1,0.0
125948,1,0.0
125950,4,0.0
125952,1,0.0
125954,1,0.0
125956,1,0.0
125958,3,0.0
125960,1,0.0
125962,1,0.0
125964,1,0.0
125966,4,0.0
125968,1,0.0
125970,4,0.0
125972,3,0.0
125974,2,0.0
125976,1,0.0
125978,1,0.0
125980,1,0.0
125982,1,0.0
125984,1,0.0
125986,1,0.0
125988,1,0.0
125990,1,0.0
125992,1,0.0
125994,1,0.0
125996,1,0.0
125998,1,0.0
126000,1,0.0
126002,1,0.0
126004,1,0.0
126006,3,0.0
126008,1,0.0
126010,1,0.0
126012,1,0.0
126014,1,0.0
126016,2,0.0
126018,1,0.0
126020,2,0.0
126022,1,0.0
126024,1,0.0
126026,1,0.0
126028,1,0.0
126030,1,0.0
126032,1,0.0
126034,1,0.0
126036,1,0.0
126038,1,0.0
126040,1,0.0
126042,2,0.0
126044,1,0.0
126046,1,0.0
126048,1,0.0
126050,3,0.0
126052,1,0.0
126054,1,0.0
126056,1,0.0
126058,1,0.0
126060,1,0.0
126062,1,0.0
126064,1,0.0
126066,2,0.0
126068,1,0.0
126070,3,0.0
126072,2,0.0
126074,1,0.0
126076,1,0.0
126078,1,0.0
126080,1,0.0
126082,1,0.0
126084,4,0.0
126086,3,0.0
126088,4,0.0
126090,8,0.01
126092,1,0.0
126094,2,0.0
126096,1,0.0
126098,1,0.0
126100,1,0.0
126102,1,0.0
126104,1,0.0
126106,3,0.0
126108,1,0.0
126120,1,0.0
126122,1,0.0
126124,1,0.0
126126,1,0.0
126128,1,0.0
126130,1,0.0
126132,1,0.0
126134,1,0.0
126136,1,0.0
126138,1,0.0
126140,1,0.0
126142,1,0.0
126144,1,0.0
126146,1,0.0
126148,1,0.0
126150,1,0.0
126152,1,0.0
126154,1,0.0
126156,1,0.0
126158,1,0.0
126160,3,0.0
126162,1,0.0
126164,1,0.0
126166,1,0.0
126168,1,0.0
126170,1,0.0
126172,1,0.0
126174,1,0.0
126176,1,0.0
126178,2,0.0
126180,1,0.0
126182,1,0.0
126184,1,0.0
126186,1,0.0
126188,1,0.0
126190,1,0.0
126219,1,0.0
126233,1,0.0
126235,1,0.0
126237,1,0.0
126239,1,0.0
126243,1,0.0
126245,2,0.0
126247,1,0.0
126249,1,0.0
126283,1,0.0
126286,1,0.0
126290,1,0.0
126296,1,0.0
126305,1,0.0
126309,1,0.0
126322,1,0.0
126325,1,0.0
126385,3,0.0
126387,1,0.0
126389,1,0.0
126393,2,0.0
126395,1,0.0
126397,1,0.0
126399,2,0.0
126401,1,0.0
126403,2,0.0
126405,3,0.0
126407,1,0.0
126409,1,0.0
126412,2,0.0
126414,1,0.0
126416,1,0.0
126418,5,0.0
126420,5,0.0
126422,2,0.0
126424,1,0.0
126426,21,0.02
126428,1,0.0
126430,8,0.01
126432,1,0.0
126434,1,0.0
126436,1,0.0
126438,1,0.0
126482,4,0.0
126510,3,0.0
126546,1,0.0
126548,22,0.02
126552,1,0.0
126554,2,0.0
126560,1,0.0
126562,3,0.0
126571,1,0.0
126573,1,0.0
126575,4,0.0
126579,2,0.0
126582,1,0.0
126584,4,0.0
126586,1,0.0
126588,1,0.0
126591,2,0.0
126593,1,0.0
126595,3,0.0
126599,15,0.01
126723,1,0.0
126725,1,0.0
126727,1,0.0
126731,1,0.0
126733,4,0.0
126735,1,0.0
126737,1,0.0
126739,1,0.0
126741,1,0.0
126743,1,0.0
126745,1,0.0
126747,1,0.0
126749,4,0.0
126751,1,0.0
126753,1,0.0
126769,1,0.0
126771,1,0.0
126773,1,0.0
126775,2,0.0
126777,1,0.0
126779,1,0.0
126781,1,0.0
126783,1,0.0
126785,3,0.0
126787,1,0.0
126789,1,0.0
126791,1,0.0
126793,1,0.0
126795,1,0.0
126797,1,0.0
126807,1,0.0
126809,1,0.0
126815,1,0.0
126917,1,0.0
126919,2,0.0
126921,6,0.0
126923,2,0.0
126925,1,0.0
126927,2,0.0
126929,1,0.0
126931,1,0.0
126933,1,0.0
126935,2,0.0
126937,1,0.0
126939,1,0.0
126941,1,0.0
126943,1,0.0
126945,1,0.0
126947,1,0.0
126949,1,0.0
126951,3,0.0
126953,1,0.0
126955,1,0.0
126957,1,0.0
126959,2,0.0
126961,2,0.0
126963,2,0.0
126965,1,0.0
126967,1,0.0
126969,1,0.0
126971,1,0.0
126973,1,0.0
126975,2,0.0
126977,1,0.0
126979,1,0.0
126981,1,0.0
126983,1,0.0
126985,1,0.0
126987,1,0.0
126989,1,0.0
126991,1,0.0
126993,1,0.0
126997,1,0.0
126999,1,0.0
127001,1,0.0
127003,1,0.0
127005,1,0.0
127007,1,0.0
127009,1,0.0
127011,1,0.0
127013,1,0.0
127015,1,0.0
127017,1,0.0
127019,1,0.0
127021,5,0.0
127023,2,0.0
127025,2,0.0
127027,3,0.0
127029,1,0.0
127031,1,0.0
127033,1,0.0
127035,1,0.0
127038,1,0.0
127040,2,0.0
127042,2,0.0
127044,1,0.0
127046,2,0.0
127048,1,0.0
127050,1,0.0
127052,5,0.0
127054,2,0.0
127056,1,0.0
127058,1,0.0
127060,1,0.0
127062,3,0.0
127064,1,0.0
127066,3,0.0
127068,1,0.0
127070,1,0.0
127072,1,0.0
127074,1,0.0
127076,1,0.0
127080,1,0.0
127082,1,0.0
127084,2,0.0
127086,1,0.0
127088,6,0.0
127090,3,0.0
127092,1,0.0
127094,2,0.0
127096,12,0.01
127098,35,0.03
127100,1,0.0
127102,3,0.0
127110,2,0.0
127112,1,0.0
127116,2,0.0
127118,1,0.0
127120,1,0.0
127126,1,0.0
127128,1,0.0
127134,1,0.0
127136,2,0.0
127148,1,0.0
127152,5,0.0
127166,1,0.0
127172,1,0.0
127180,2,0.0
127182,1,0.0
127186,2,0.0
127188,1,0.0
127192,1,0.0
127194,1,0.0
127196,4,0.0
127198,1,0.0
127200,2,0.0
127202,3,0.0
127206,1,0.0
127210,1,0.0
127212,2,0.0
127216,1,0.0
127220,1,0.0
127222,1,0.0
127224,1,0.0
127226,1,0.0
127228,1,0.0
127230,1,0.0
127232,1,0.0
127234,1,0.0
127236,1,0.0
127238,1,0.0
127242,1,0.0
127244,2,0.0
127246,1,0.0
127248,1,0.0
127250,1,0.0
127254,1,0.0
127256,1,0.0
127258,1,0.0
127260,2,0.0
127262,1,0.0
127264,1,0.0
127266,3,0.0
127268,1,0.0
127270,1,0.0
127272,1,0.0
127274,1,0.0
127276,1,0.0
127278,1,0.0
127280,1,0.0
127282,1,0.0
127284,1,0.0
127286,1,0.0
127288,2,0.0
127290,2,0.0
127292,1,0.0
127294,1,0.0
127296,2,0.0
127298,6,0.0
127300,2,0.0
127302,1,0.0
127307,3,0.0
127309,2,0.0
127313,1,0.0
127315,6,0.0
127319,8,0.01
127321,6,0.0
127323,9,0.01
127390,16,0.01
127419,1,0.0
127433,1,0.0
127441,7,0.01
127443,1,0.0
127445,1,0.0
127449,2,0.0
127451,1,0.0
127453,1,0.0
127484,3,0.0
127585,3,0.0
127587,1,0.0
127610,1,0.0
127622,1,0.0
127626,1,0.0
127630,3,0.0
127634,1,0.0
127636,1,0.0
127642,1,0.0
127652,2,0.0
127654,1,0.0
127656,1,0.0
127658,1,0.0
127721,1,0.0
127724,2,0.0
127728,1,0.0
127831,1,0.0
127837,1,0.0
127857,1,0.0
127859,2,0.0
127861,2,0.0
127873,2,0.0
127875,1,0.0
127877,1,0.0
127879,1,0.0
127881,1,0.0
127957,1,0.0
127974,2,0.0
127993,1,0.0
128089,2,0.0
128091,4,0.0
128093,1,0.0
128099,2,0.0
128149,1,0.0
128151,2,0.0
128157,1,0.0
128167,2,0.0
128169,2,0.0
128171,1,0.0
128173,2,0.0
128175,1,0.0
128187,1,0.0
128195,1,0.0
128201,1,0.0
128209,1,0.0
128215,1,0.0
128239,1,0.0
128249,1,0.0
128269,1,0.0
128273,1,0.0
128301,1,0.0
128303,1,0.0
128305,1,0.0
128308,1,0.0
128316,1,0.0
128318,2,0.0
128320,14,0.01
128322,2,0.0
128324,2,0.0
128327,2,0.0
128356,1,0.0
128358,1,0.0
128362,1,0.0
128366,5,0.0
128369,2,0.0
128379,1,0.0
128381,1,0.0
128383,1,0.0
128385,1,0.0
128387,1,0.0
128389,1,0.0
128391,1,0.0
128393,1,0.0
128395,1,0.0
128397,1,0.0
128399,1,0.0
128401,1,0.0
128425,2,0.0
128427,1,0.0
128429,3,0.0
128441,1,0.0
128443,1,0.0
128445,2,0.0
128447,2,0.0
128478,1,0.0
128488,20,0.01
128490,1,0.0
128504,1,0.0
128506,1,0.0
128508,1,0.0
128510,3,0.0
128514,1,0.0
128516,1,0.0
128518,1,0.0
128520,8,0.01
128530,1,0.0
128534,1,0.0
128536,1,0.0
128540,4,0.0
128542,7,0.01
128544,2,0.0
128546,1,0.0
128548,1,0.0
128550,1,0.0
128552,1,0.0
128554,1,0.0
128556,1,0.0
128558,1,0.0
128560,1,0.0
128562,1,0.0
128564,1,0.0
128566,1,0.0
128568,1,0.0
128570,1,0.0
128572,1,0.0
128574,1,0.0
128576,1,0.0
128578,1,0.0
128580,1,0.0
128582,1,0.0
128584,1,0.0
128586,1,0.0
128588,1,0.0
128590,1,0.0
128592,4,0.0
128594,5,0.0
128596,1,0.0
128598,1,0.0
128600,4,0.0
128601,1,0.0
128604,2,0.0
128608,1,0.0
128610,2,0.0
128612,2,0.0
128614,1,0.0
128616,3,0.0
128618,1,0.0
128622,1,0.0
128624,6,0.0
128626,1,0.0
128628,1,0.0
128632,7,0.01
128634,1,0.0
128642,1,0.0
128648,1,0.0
128656,1,0.0
128661,1,0.0
128665,1,0.0
128669,1,0.0
128671,7,0.01
128673,2,0.0
128675,1,0.0
128677,1,0.0
128679,2,0.0
128681,1,0.0
128686,1,0.0
128688,1,0.0
128690,1,0.0
128693,1,0.0
128695,4,0.0
128711,1,0.0
128715,2,0.0
128717,1,0.0
128721,1,0.0
128723,4,0.0
128725,2,0.0
128727,5,0.0
128734,1,0.0
128736,3,0.0
128738,1,0.0
128740,1,0.0
128768,1,0.0
128770,1,0.0
128792,1,0.0
128810,1,0.0
128812,3,0.0
128826,1,0.0
128830,3,0.0
128832,7,0.01
128834,1,0.0
128836,1,0.0
128842,9,0.01
128844,2,0.0
128846,3,0.0
128848,2,0.0
128850,1,0.0
128852,3,0.0
128854,5,0.0
128856,1,0.0
128858,1,0.0
128860,1,0.0
128862,1,0.0
128898,1,0.0
128900,1,0.0
128902,1,0.0
128904,1,0.0
128906,1,0.0
128908,1,0.0
128910,1,0.0
128912,2,0.0
128914,5,0.0
128916,1,0.0
128918,1,0.0
128920,1,0.0
128922,4,0.0
128924,2,0.0
128942,1,0.0
128944,7,0.01
128946,1,0.0
128948,1,0.0
128950,1,0.0
128952,2,0.0
128954,1,0.0
128960,2,0.0
128968,7,0.01
128971,1,0.0
128973,1,0.0
128975,14,0.01
128977,1,0.0
128981,2,0.0
128985,1,0.0
128987,1,0.0
128989,2,0.0
128991,4,0.0
129003,1,0.0
129009,1,0.0
129011,3,0.0
129013,3,0.0
129015,1,0.0
129017,1,0.0
129021,1,0.0
129030,11,0.01
129032,4,0.0
129034,1,0.0
129036,1,0.0
129056,2,0.0
129064,1,0.0
129066,1,0.0
129068,1,0.0
129078,4,0.0
129080,1,0.0
129185,1,0.0
129187,1,0.0
129189,1,0.0
129191,2,0.0
129227,1,0.0
129233,1,0.0
129235,1,0.0
129239,1,0.0
129241,2,0.0
129243,1,0.0
129245,2,0.0
129248,1,0.0
129274,1,0.0
129285,2,0.0
129289,1,0.0
129291,1,0.0
129293,1,0.0
129295,1,0.0
129299,1,0.0
129303,1,0.0
129305,1,0.0
129307,1,0.0
129309,1,0.0
129311,1,0.0
129313,1,0.0
129335,1,0.0
129337,2,0.0
129340,2,0.0
129342,1,0.0
129344,1,0.0
129346,1,0.0
129348,2,0.0
129350,1,0.0
129352,1,0.0
129354,28,0.02
129358,3,0.0
129360,1,0.0
129362,1,0.0
129370,8,0.01
129372,1,0.0
129378,1,0.0
129389,1,0.0
129391,1,0.0
129393,1,0.0
129395,1,0.0
129397,5,0.0
129399,2,0.0
129401,3,0.0
129403,1,0.0
129405,3,0.0
129407,1,0.0
129409,2,0.0
129411,1,0.0
129413,1,0.0
129415,2,0.0
129417,1,0.0
129419,1,0.0
129421,1,0.0
129425,1,0.0
129428,21,0.02
129430,1,0.0
129432,1,0.0
129435,1,0.0
129437,1,0.0
129445,2,0.0
129447,2,0.0
129449,1,0.0
129451,2,0.0
129454,1,0.0
129456,1,0.0
129460,1,0.0
129474,2,0.0
129476,1,0.0
129478,1,0.0
129506,1,0.0
129510,1,0.0
129512,2,0.0
129514,7,0.01
129516,1,0.0
129518,1,0.0
129520,2,0.0
129522,1,0.0
129524,1,0.0
129526,1,0.0
129528,2,0.0
129530,1,0.0
129532,2,0.0
129534,1,0.0
129536,1,0.0
129555,3,0.0
129640,1,0.0
129644,2,0.0
129646,1,0.0
129651,1,0.0
129653,1,0.0
129657,2,0.0
129659,4,0.0
129667,1,0.0
129669,1,0.0
129671,1,0.0
129673,1,0.0
129699,1,0.0
129701,1,0.0
129703,1,0.0
129705,2,0.0
129707,7,0.01
129709,1,0.0
129713,2,0.0
129715,1,0.0
129717,1,0.0
129719,1,0.0
129721,1,0.0
129723,1,0.0
129737,3,0.0
129739,2,0.0
129741,1,0.0
129749,1,0.0
129751,1,0.0
129763,1,0.0
129767,1,0.0
129769,1,0.0
129771,2,0.0
129773,2,0.0
129775,2,0.0
129777,2,0.0
129779,4,0.0
129781,2,0.0
129784,1,0.0
129786,1,0.0
129788,2,0.0
129812,1,0.0
129814,1,0.0
129816,1,0.0
129818,2,0.0
129822,4,0.0
129826,1,0.0
129830,1,0.0
129834,1,0.0
129838,2,0.0
129841,1,0.0
129843,1,0.0
129845,1,0.0
129847,1,0.0
129849,1,0.0
129851,1,0.0
129855,1,0.0
129857,1,0.0
129859,2,0.0
129871,1,0.0
129873,1,0.0
129875,1,0.0
129877,1,0.0
129879,1,0.0
129881,1,0.0
129883,1,0.0
129885,1,0.0
129887,1,0.0
129889,1,0.0
129905,1,0.0
129907,1,0.0
129909,1,0.0
129911,1,0.0
129913,2,0.0
129915,1,0.0
129917,1,0.0
129919,1,0.0
129921,1,0.0
129923,1,0.0
129925,1,0.0
129927,1,0.0
129929,1,0.0
129931,1,0.0
129933,1,0.0
129935,2,0.0
129937,12,0.01
129941,1,0.0
129947,2,0.0
129951,2,0.0
129958,1,0.0
129978,1,0.0
129980,1,0.0
129996,1,0.0
130016,1,0.0
130034,1,0.0
130036,3,0.0
130044,1,0.0
130050,1,0.0
130052,2,0.0
130054,2,0.0
130056,1,0.0
130058,2,0.0
130060,1,0.0
130062,1,0.0
130064,1,0.0
130066,1,0.0
130069,4,0.0
130071,1,0.0
130073,21,0.02
130075,17,0.01
130077,3,0.0
130079,2,0.0
130081,3,0.0
130083,3,0.0
130087,2,0.0
130089,1,0.0
130204,1,0.0
130219,1,0.0
130290,1,0.0
130292,1,0.0
130294,1,0.0
130296,1,0.0
130298,1,0.0
130324,1,0.0
130326,1,0.0
130328,2,0.0
130338,1,0.0
130340,1,0.0
130342,1,0.0
130344,1,0.0
130347,1,0.0
130349,1,0.0
130351,1,0.0
130356,1,0.0
130374,2,0.0
130380,1,0.0
130382,2,0.0
130384,1,0.0
130386,1,0.0
130388,1,0.0
130390,1,0.0
130392,1,0.0
130394,2,0.0
130396,1,0.0
130398,2,0.0
130400,1,0.0
130402,1,0.0
130404,1,0.0
130408,1,0.0
130420,1,0.0
130424,1,0.0
130442,1,0.0
130444,1,0.0
130454,1,0.0
130458,1,0.0
130462,1,0.0
130466,4,0.0
130474,1,0.0
130476,1,0.0
130478,1,0.0
130488,1,0.0
130490,25,0.02
130494,2,0.0
130496,7,0.01
130498,2,0.0
130500,2,0.0
130502,2,0.0
130504,2,0.0
130506,4,0.0
130508,4,0.0
130510,3,0.0
130512,2,0.0
130514,1,0.0
130516,1,0.0
130518,2,0.0
130520,3,0.0
130522,1,0.0
130524,1,0.0
130526,1,0.0
130532,1,0.0
130560,1,0.0
130562,1,0.0
130578,5,0.0
130580,2,0.0
130586,1,0.0
130588,2,0.0
130604,1,0.0
130614,1,0.0
130622,1,0.0
130626,1,0.0
130628,1,0.0
130638,1,0.0
130640,1,0.0
130642,2,0.0
130644,1,0.0
130656,1,0.0
130672,1,0.0
130682,1,0.0
130692,1,0.0
130746,3,0.0
130768,2,0.0
130784,3,0.0
130804,2,0.0
130828,1,0.0
130834,1,0.0
130836,1,0.0
130840,3,0.0
130842,3,0.0
130848,1,0.0
130850,1,0.0
130852,2,0.0
130856,1,0.0
130878,1,0.0
130894,1,0.0
130900,1,0.0
130954,1,0.0
130958,1,0.0
130960,1,0.0
130962,1,0.0
130964,1,0.0
130970,2,0.0
130972,1,0.0
130976,2,0.0
130978,2,0.0
130980,1,0.0
130982,1,0.0
130984,1,0.0
130986,1,0.0
130996,1,0.0
131009,1,0.0
131011,1,0.0
131013,5,0.0
131015,1,0.0
131017,1,0.0
131019,1,0.0
131021,1,0.0
131023,1,0.0
131025,1,0.0
131027,1,0.0
131031,1,0.0
131050,1,0.0
131052,1,0.0
131054,1,0.0
131056,1,0.0
131058,1,0.0
131060,1,0.0
131062,1,0.0
131066,1,0.0
131068,1,0.0
131070,1,0.0
131072,1,0.0
131074,1,0.0
131076,1,0.0
131078,1,0.0
131080,2,0.0
131082,1,0.0
131084,1,0.0
131086,1,0.0
131088,1,0.0
131090,1,0.0
131092,1,0.0
131094,1,0.0
131096,1,0.0
131098,1,0.0
131100,1,0.0
131102,1,0.0
131104,1,0.0
131106,1,0.0
131108,1,0.0
131110,1,0.0
131112,1,0.0
131114,1,0.0
131116,1,0.0
131118,1,0.0
131120,1,0.0
131122,1,0.0
131124,1,0.0
131126,1,0.0
131128,1,0.0
131130,1,0.0
131132,1,0.0
131134,1,0.0
131136,1,0.0
131138,1,0.0
131140,1,0.0
131142,1,0.0
131144,1,0.0
131146,1,0.0
131148,1,0.0
131150,1,0.0
131152,1,0.0
131154,1,0.0
131156,1,0.0
131158,2,0.0
131160,1,0.0
131162,1,0.0
131164,1,0.0
131166,1,0.0
131168,1,0.0
131170,1,0.0
131172,1,0.0
131174,1,0.0
131176,1,0.0
131180,1,0.0
131231,1,0.0
131237,1,0.0
131239,1,0.0
131241,1,0.0
131243,1,0.0
131248,1,0.0
131250,1,0.0
131252,1,0.0
131254,1,0.0
131256,1,0.0
131258,1,0.0
131260,1,0.0
131262,1,0.0
